0.521505376344086 1.3022245892908355
0.46863799283154123 1.1203244704821993
0.492831541218638 0.8958171166373061
0.5833333333333333 1.071162276209595
0.5340501792114696 1.1301569093367203
0.5295698924731183 0.9367856118644764
0.4444444444444445 1.0056126838461226
0.5224014336917562 1.0629685771641608
0.6702508960573477 1.0924658937277236
0.7293906810035844 1.105575812200418
0.7768817204301075 1.097382113154984
0.8109318996415771 1.097382113154984
0.8942652329749106 1.254701134827318
0.8557347670250897 1.1645704453275432
0.8611111111111112 1.000696464418862
0.9211469534050181 0.9548117497644313
0.9802867383512546 1.0498586586914664
0.9623655913978495 1.2219263386455816
0.9363799283154122 1.210455159981974
0.8718637992831542 1.123601950100373
0.9068100358422939 1.0367487402187718
0.9525089605734767 1.079355975255029
0.9175627240143369 1.1629317055184565
0.8853046594982079 1.1825965832274983
0.8987455197132617 1.1285181695276334
0.9166666666666667 1.131795649145807
0.9471326164874552 1.1367118685730675
0.978494623655914 1.1285181695276334
0.7213261648745521 1.0580523577369005
0.7213261648745521 0.9318693924372159
0.7267025089605736 0.8433774427465281
0.6944444444444444 0.8040476873284446
0.6433691756272402 0.6270637879470689
0.7482078853046596 0.5746241140562909
0.7948028673835126 0.748330533819493
0.7293906810035844 0.7319431357286248
0.6935483870967742 0.6516448850833709
