0.6308243727598566 1.139989348191241
0.6308243727598566 1.139989348191241
0.6756272401433692 1.0891884141095498
0.6496415770609318 1.0351100004096851
0.6272401433691757 1.0596910975459872
0.5761648745519714 1.1432668278094147
0.6729390681003584 1.1809578434184114
0.6478494623655915 1.0924658937277236
0.6021505376344085 1.097382113154984
0.6084229390681004 1.1907902822729322
0.6451612903225807 1.1907902822729322
0.6612903225806452 1.1449055676185016
0.6827956989247312 1.123601950100373
0.6810035842293907 1.0236388217460775
0.5779569892473118 1.0482199188823795
0.564516129032258 1.0908271539186367
0.6111111111111112 0.992502765373428
0.6308243727598566 0.9875865459461675
0.6657706093189963 0.9875865459461675
0.5994623655913978 1.1530992666639355
0.5555555555555556 1.236674996927363
0.6263440860215055 1.2317587775001027
0.7096774193548387 1.0842721946822895
0.7329749103942653 1.0826334548732026
0.7697132616487457 1.0744397558277685
0.8413978494623657 1.1383506083821542
0.8225806451612905 1.1416280880003278
0.7939068100358424 1.097382113154984
0.7974910394265233 1.018722602318817
0.8763440860215055 0.9974189848006885
0.8844086021505377 1.0596910975459872
0.8888888888888891 1.0744397558277685
0.8799283154121864 1.1170469908640257
0.8584229390681004 1.1006595927731575
0.8333333333333335 1.0875496743004631
0.838709677419355 1.0056126838461226
0.8055555555555556 0.9957802449916016
0.817204301075269 1.054774878118727
0.8530465949820789 1.0564136179278136
0.8521505376344087 0.9990577246097752
0.728494623655914 1.384161579745176
0.7025089605734767 1.2678110533000124
0.6953405017921148 1.210455159981974
0.7589605734767026 1.5316481625629892
0.7293906810035844 1.5300094227539023
0.7258064516129032 1.4857634479085584
0.7446236559139785 1.4513499119177353
0.7473118279569892 1.4808472284812981
0.7840501792114696 1.4939571469539925
0.7840501792114696 1.549674300462944
0.7948028673835126 1.5431193412265969
0.8001792114695341 1.5070670654266871
0.8001792114695341 1.4857634479085584
0.7912186379928317 1.438239993445041
0.7670250896057349 1.4677373100086035
0.7670250896057349 1.4300462943996068
0.7249103942652331 1.4316850342086938
0.706989247311828 1.4792084886722112
0.806451612903226 1.4710147896267771
0.8028673835125448 1.385800319554263
0.8234767025089607 1.3284444262362245
0.8342293906810037 1.2678110533000124
0.8646953405017921 1.3743291408906553
0.9023297491039428 1.3776066205088289
0.9318996415770611 1.349748043754353
0.9390681003584229 1.289114670818141
0.9112903225806452 1.2825597115817937
0.870967741935484 1.2923921504363147
0.8396057347670252 1.3366381252816586
0.8718637992831542 1.333360645663485
0.9094982078853047 1.3366381252816586
0.8987455197132617 1.3284444262362245
0.9166666666666667 1.3186119873817037
0.8844086021505377 1.3563030029907004
0.8888888888888891 1.3186119873817037
0.8467741935483872 1.298947109672662
0.8808243727598566 1.262894833872752
0.9363799283154122 1.2579786144454916
0.9130824372759858 1.2399524765455365
