0.7043010752688172 1.6931828196479648
1.381720430107527 1.6066561445956882
1.053763440860215 1.2958010527412132
0.5430107526881722 1.3534855027760642
1.0080645161290325 1.5425623112236315
1.521505376344086 1.3038127819127203
1.7473118279569895 1.758878998854323
0.9596774193548387 1.7765048030316386
0.31989247311827973 1.76689072802583
0.282258064516129 1.3807253819591883
0.75 1.021799915075671
0.435483870967742 1.5073107028690003
0.43279569892473124 1.125952394305263
1.330645161290323 1.0666655984361106
1.3333333333333335 1.9415464239646845
1.8252688172043015 1.4031582236394082
0.6236559139784947 1.8678385155868193
2.0940860215053765 1.4848778611887805
2.4623655913978495 1.4576379820056564
2.2903225806451615 1.4768661320172733
0.7715053763440862 1.2236954901976496
1.327956989247312 1.3935441486335998
0.7795698924731185 1.483275515354479
2.599462365591398 1.4592403278399577
3.228494623655914 1.5970420695898797
2.994623655913979 1.425591065319628
2.78494623655914 1.5393576195550287
2.913978494623656 1.5345505820521244
3.327956989247312 1.4880825528573833
2.685483870967742 1.3454737736045572
2.8575268817204305 1.3038127819127203
2.817204301075269 1.425591065319628
3.03494623655914 1.464047365342862
3.002688172043011 1.6306913321102094
3.094086021505377 1.6451124446189223
3.185483870967742 1.659533557127635
3.430107526881721 1.4336027944911351
3.258064516129033 1.4656497111771636
3.190860215053764 1.4912872445259862
3.094086021505377 1.5553810778980428
3.123655913978495 1.3118245110842275
3.0188172043010755 1.3278479694272416
3.155913978494624 1.3871347652963941
3.287634408602151 1.3342573527644472
2.948924731182796 1.3727136527876813
3.338709677419355 1.379123036124887
2.895161290322581 1.5970420695898797
2.9086021505376345 1.4656497111771636
3.46236559139785 1.494491936194589
3.653225806451613 1.4976966278631918
3.768817204301076 1.5073107028690003
4.10483870967742 1.7909259155403512
4.620967741935484 1.7011945488194717
4.599462365591398 1.4784684778515749
4.241935483870968 1.164408694328497
3.932795698924732 1.2557424068836778
3.833333333333334 1.640305407116018
4.067204301075269 1.5265388528806174
4.330645161290323 1.7156156613281848
4.435483870967742 1.5778139195782628
4.440860215053764 1.3630995777818729
4.413978494623656 1.2349119110377593
3.825268817204301 1.3855324194620926
4.115591397849463 1.367906615284777
4.922043010752689 1.5954397237555782
4.384408602150538 1.8790549364269293
4.758064516129033 1.882259628095532
5.037634408602151 1.3454737736045572
4.817204301075269 1.1804321526715111
4.822580645161291 1.4287957569882308
5.158602150537635 1.4976966278631918
