0.7930107526881722 1.4287957569882308
1.134408602150538 1.4031582236394082
1.024193548387097 1.2958010527412132
0.9758064516129032 1.3502808111074613
0.9946236559139787 1.4608426736742592
0.663978494623656 1.2877893235697062
1.0618279569892475 1.233309565203458
0.8655913978494625 1.3070174735813231
0.935483870967742 1.2285025277005537
0.7446236559139785 1.33746204443305
0.8629032258064517 1.4047605694737095
0.7419354838709677 1.2076720318546352
1.096774193548387 1.3006080902441175
1.2338709677419355 1.3086198194156247
1.2338709677419355 1.1628063484941955
1.252688172043011 1.35989488611327
1.1935483870967745 1.4784684778515749
1.1693548387096775 1.2349119110377593
1.056451612903226 1.1339641234767701
0.8736559139784947 1.1339641234767701
1.0215053763440862 1.3999535319708054
0.827956989247312 1.4576379820056564
1.0403225806451615 1.5025036653660961
1.271505376344086 1.4416145236626423
0.806451612903226 1.252537715215075
1.317204301075269 1.2285025277005537
1.330645161290323 1.299005744409816
1.352150537634409 1.4191816819824223
1.4865591397849465 1.3470761194388585
1.6586021505376345 1.3518831569417629
0.8198924731182797 1.5585857695666456
0.5483870967741937 1.4976966278631918
0.47043010752688175 1.252537715215075
0.5295698924731185 1.4111699528109154
0.6612903225806452 1.406362915308011
0.6989247311827957 1.505708357034699
0.8360215053763442 1.513720086206206
0.9596774193548387 1.5553810778980428
1.102150537634409 1.5569834237323443
1.260752688172043 1.5473693487265359
1.3091397849462365 1.5153224320405074
1.4220430107526885 1.483275515354479
1.4516129032258065 1.4239887194853267
1.543010752688172 1.4223863736510252
1.521505376344086 1.5089130487033018
1.370967741935484 1.6034514529270854
1.1908602150537635 1.6130655279328938
0.9865591397849465 1.6226796029387023
0.7446236559139785 1.6499194821218264
0.588709677419355 1.6114631820985925
0.5537634408602152 1.3166315485871316
0.599462365591398 1.202864994351731
0.7096774193548387 1.1435781984825786
0.9435483870967742 1.0858937484477276
1.174731182795699 1.0778820192762204
1.405913978494624 1.1195430109680573
1.438172043010753 1.2493330235464721
1.559139784946237 1.2653564818894862
1.559139784946237 1.1724204235000042
0.489247311827957 1.5393576195550287
0.5618279569892475 1.7140133154938832
0.8118279569892475 1.6835687446421563
0.9489247311827957 1.6851710904764576
1.17741935483871 1.694785165482266
1.413978494623656 1.6803640529735533
1.8037634408602155 1.3711113069533798
1.8790322580645165 1.3839300736277913
1.9865591397849465 1.4111699528109154
1.989247311827957 1.4111699528109154
2.037634408602151 1.4191816819824223
2.1155913978494625 1.436807486159738
2.2016129032258065 1.452830944502752
2.3763440860215055 1.3518831569417629
2.3548387096774195 1.3134268569185288
2.3440860215053765 1.241321294374965
1.9435483870967745 1.4127722986452167
1.9865591397849465 1.310222165249926
2.0188172043010755 1.2365142568720608
2.037634408602151 1.202864994351731
2.341397849462366 1.252537715215075
2.2688172043010755 1.2765729027295962
2.2473118279569895 1.2813799402325006
2.241935483870968 1.2813799402325006
2.295698924731183 1.3534855027760642
2.1263440860215055 1.3855324194620926
2.1075268817204305 1.290994015238309
2.2231182795698925 1.2877893235697062
2.134408602150538 1.3534855027760642
2.1048387096774195 1.3663042694504757
2.1612903225806455 1.3342573527644472
2.2580645161290325 1.3935441486335998
2.255376344086022 1.4287957569882308
2.2258064516129035 1.4239887194853267
2.239247311827957 1.3695089611190785
2.274193548387097 1.3166315485871316
2.274193548387097 1.2829822860668019
2.295698924731183 1.2269001818662524
2.1263440860215055 1.2140814151918409
2.1048387096774195 1.2188884526947452
2.2043010752688175 1.2317072193691565
2.134408602150538 1.2781752485638977
2.1827956989247315 1.3038127819127203
2.0537634408602155 1.3246432777586388
2.0188172043010755 1.3342573527644472
2.0295698924731185 1.3855324194620926
2.0510752688172045 1.35989488611327
2.010752688172043 1.290994015238309
2.134408602150538 1.2445259860435678
2.2016129032258065 1.3935441486335998
2.217741935483871 1.3310526610958444
2.287634408602151 1.406362915308011
2.3333333333333335 1.3935441486335998
2.0967741935483875 1.4079652611423124
2.2688172043010755 1.2429236402092665
2.2123655913978495 1.2781752485638977
2.0618279569892475 1.2509353693807737
2.0537634408602155 1.2765729027295962
2.088709677419355 1.321438586090036
2.3010752688172045 1.2845846319011034
2.327956989247312 1.3454737736045572
2.228494623655914 1.2140814151918409
2.17741935483871 1.2140814151918409
2.174731182795699 1.2573447527179793
2.17741935483871 1.3550878486103657
2.155913978494624 1.4095676069766139
2.1612903225806455 1.3422690819359544
2.2123655913978495 1.3550878486103657
2.2822580645161294 1.3134268569185288
2.2903225806451615 1.3695089611190785
2.3118279569892475 1.3614972319475713
2.306451612903226 1.2813799402325006
2.0537634408602155 1.2252978360319509
2.0725806451612905 1.2653564818894862
2.037634408602151 1.310222165249926
2.1693548387096775 1.32624562359294
2.448924731182796 1.3630995777818729
2.591397849462366 1.3550878486103657
2.744623655913979 1.6242819487730038
3.056451612903226 1.6162702196014966
3.373655913978495 1.5778139195782628
3.752688172043011 1.4928895903602877
3.725806451612904 1.2653564818894862
3.451612903225807 1.1499875818197842
3.172043010752689 1.117940665133756
2.7284946236559144 1.1628063484941955
2.6801075268817205 1.2829822860668019
2.6827956989247315 1.4111699528109154
2.6693548387096775 1.5778139195782628
2.9784946236559144 1.54095996538933
3.615591397849463 1.390339456964997
3.467741935483871 1.3054151277470218
3.10752688172043 1.252537715215075
3.236559139784947 1.4191816819824223
3.577956989247312 1.4688544028457664
3.561827956989248 1.3230409319243372
3.333333333333334 1.5297435445492202
2.9892473118279574 1.4079652611423124
2.8575268817204305 1.3182338944214331
2.8575268817204305 1.310222165249926
2.8575268817204305 1.310222165249926
3.180107526881721 1.6499194821218264
3.174731182795699 1.5425623112236315
2.795698924731183 1.5505740403951387
2.7795698924731185 1.395146494467901
2.89247311827957 1.637100715447415
3.379032258064516 1.2958010527412132
3.486559139784947 1.5345505820521244
3.516129032258065 1.598644415424181
3.620967741935484 1.54095996538933
3.688172043010753 1.4496262528341493
2.9677419354838714 1.1515899276540857
3.282258064516129 1.2573447527179793
2.795698924731183 1.5425623112236315
2.7930107526881724 1.5505740403951387
3.137096774193549 1.6034514529270854
3.336021505376344 1.571404536241057
2.940860215053764 1.3807253819591883
2.9973118279569895 1.5169247778748087
3.0188172043010755 1.5762115737439613
3.0000000000000004 1.6451124446189223
2.8360215053763445 1.579416265412564
3.266129032258065 1.5025036653660961
3.459677419354839 1.3871347652963941
3.731182795698925 1.3727136527876813
3.586021505376344 1.2365142568720608
3.327956989247312 1.2156837610261424
3.306451612903226 1.1820344985058127
3.239247311827957 1.1868415360087168
3.051075268817205 1.1916485735116211
3.454301075268818 1.2541400610493765
3.655913978494624 1.3390643902673516
3.129032258064516 1.4448192153312451
3.094086021505377 1.3727136527876813
3.172043010752689 1.310222165249926
3.279569892473119 1.33746204443305
3.336021505376344 1.4015558778051067
3.336021505376344 1.464047365342862
3.481182795698925 1.4496262528341493
2.905913978494624 1.1019172067907417
2.8575268817204305 1.1964556110145255
2.8763440860215055 1.4704567486800677
3.529569892473119 1.1788298068372098
2.983870967741936 1.2941987069069119
3.043010752688172 1.4608426736742592
3.314516129032258 1.6451124446189223
3.051075268817205 1.060256215098905
3.252688172043011 1.0730749817733163
3.451612903225807 1.0826890567791247
