1.0940860215053765 1.302210436078419
1.209677419354839 1.1596016568255927
1.3763440860215055 1.2188884526947452
1.295698924731183 1.1788298068372098
1.1908602150537635 1.3086198194156247
1.252688172043011 1.1852391901744155
1.317204301075269 1.2861869777354047
1.360215053763441 1.222093144363348
1.3682795698924735 1.2621517902208834
1.3198924731182795 1.2461283318778693
1.2553763440860215 1.2445259860435678
1.2553763440860215 1.2461283318778693
1.2661290322580645 1.233309565203458
1.3333333333333335 1.164408694328497
1.1612903225806455 1.321438586090036
1.1048387096774195 1.3086198194156247
1.096774193548387 1.3054151277470218
1.1505376344086025 1.2541400610493765
1.209677419354839 1.194853265180224
1.241935483870968 1.1596016568255927
1.2338709677419355 1.222093144363348
1.2043010752688175 1.2461283318778693
1.17741935483871 1.1724204235000042
1.155913978494624 1.14518054431688
1.1586021505376345 1.1788298068372098
1.1720430107526885 1.2477306777121708
1.155913978494624 1.2958010527412132
1.099462365591398 1.3166315485871316
1.0725806451612905 1.321438586090036
1.102150537634409 1.35989488611327
1.3682795698924735 1.206069686020334
1.2553763440860215 1.1900462276773196
1.1478494623655915 1.1932509193459226
1.209677419354839 1.1788298068372098
1.220430107526882 1.2813799402325006
1.1908602150537635 1.3134268569185288
1.174731182795699 1.321438586090036
1.1693548387096775 1.321438586090036
1.174731182795699 1.274970556895295
1.174731182795699 1.1932509193459226
1.163978494623656 1.1596016568255927
1.239247311827957 1.2397189485406637
1.2688172043010755 1.3006080902441175
1.196236559139785 1.206069686020334
1.174731182795699 1.1740227693343055
1.1693548387096775 1.1724204235000042
1.1693548387096775 1.175625115168607
1.166666666666667 1.2365142568720608
1.1801075268817205 1.3166315485871316
1.188172043010753 1.3342573527644472
1.188172043010753 1.3150292027528303
1.17741935483871 1.2925963610726103
1.134408602150538 1.2829822860668019
1.088709677419355 1.3070174735813231
1.1155913978494625 1.3566901944446672
1.231182795698925 1.3150292027528303
1.3440860215053765 1.2541400610493765
1.3682795698924735 1.2317072193691565
1.373655913978495 1.2285025277005537
1.370967741935484 1.2493330235464721
1.373655913978495 1.2653564818894862
1.3763440860215055 1.2701635193923906
1.381720430107527 1.2701635193923906
1.381720430107527 1.2669588277237878
1.3467741935483875 1.2861869777354047
1.1182795698924735 1.3406667361016529
1.166666666666667 1.2365142568720608
1.1827956989247315 1.1900462276773196
1.1935483870967745 1.1772274610029083
1.2150537634408605 1.2012626485174296
1.2580645161290325 1.3038127819127203
1.220430107526882 1.3230409319243372
1.153225806451613 1.2589470985522806
1.14247311827957 1.233309565203458
1.166666666666667 1.2285025277005537
1.2016129032258065 1.2317072193691565
1.2258064516129035 1.2493330235464721
1.252688172043011 1.2813799402325006
1.252688172043011 1.2958010527412132
1.2338709677419355 1.2893916694040075
1.134408602150538 1.2381166027063621
1.338709677419355 1.2621517902208834
1.2258064516129035 1.2717658652266919
1.1720430107526885 1.2317072193691565
1.2688172043010755 1.2813799402325006
1.3010752688172045 1.290994015238309
1.2983870967741935 1.2958010527412132
1.263440860215054 1.3166315485871316
1.153225806451613 1.3550878486103657
1.0725806451612905 1.3182338944214331
1.086021505376344 1.3134268569185288
1.314516129032258 1.2076720318546352
1.3010752688172045 1.2541400610493765
1.2795698924731185 1.2076720318546352
1.5268817204301075 1.2477306777121708
1.4731182795698925 1.2573447527179793
1.6182795698924735 1.2605494443865821
1.731182795698925 1.274970556895295
3.793010752688172 1.5970420695898797
3.655913978494624 1.4111699528109154
3.983870967741936 1.2124790693575396
4.169354838709678 1.3823277277934898
3.973118279569893 1.4672520570114649
3.596774193548387 1.1980579568488268
3.486559139784947 1.4928895903602877
4.099462365591398 1.6130655279328938
4.271505376344086 1.494491936194589
4.362903225806452 1.2076720318546352
4.494623655913979 1.6082584904299897
4.551075268817205 1.456035636171355
4.580645161290323 1.2765729027295962
3.844086021505377 1.3342573527644472
1.9946236559139785 1.5233341612120146
1.827956989247312 1.3310526610958444
1.8467741935483875 1.0442327567558907
2.473118279569893 0.9785365775495327
2.838709677419355 1.210876723523238
2.752688172043011 1.4095676069766139
2.4327956989247315 1.5441646570579328
2.1048387096774195 1.3823277277934898
2.263440860215054 1.3727136527876813
2.338709677419355 1.1676133859970999
2.196236559139785 1.018595223407068
1.956989247311828 1.1596016568255927
2.0645161290322585 1.2188884526947452
2.4193548387096775 1.3166315485871316
2.3010752688172045 1.4303981028225323
2.5215053763440864 1.4111699528109154
2.217741935483871 1.5153224320405074
2.6586021505376345 1.2589470985522806
2.645161290322581 1.0410280650872878
2.580645161290323 1.106724244293646
2.5215053763440864 1.1980579568488268
2.3225806451612905 1.0746773276076176
2.2338709677419355 1.279777594398199
2.0618279569892475 1.095507823453536
1.956989247311828 1.4015558778051067
2.733870967741936 1.3134268569185288
2.645161290322581 1.513720086206206
2.78494623655914 1.0987125151221389
2.580645161290323 1.3342573527644472
2.185483870967742 1.1852391901744155
2.494623655913979 1.076279673441919
2.4005376344086025 1.2365142568720608
2.0215053763440864 1.3134268569185288
2.0833333333333335 1.4768661320172733
2.516129032258065 1.4880825528573833
2.7177419354838714 1.1355664693110714
2.3010752688172045 1.5585857695666456
2.4005376344086025 1.4127722986452167
2.567204301075269 1.6034514529270854
2.8145161290322585 1.4976966278631918
2.448924731182796 1.6563288654590322
2.3010752688172045 1.6435100987846207
2.174731182795699 1.6178725654357982
2.03494623655914 1.609860836264291
1.8870967741935485 1.5569834237323443
1.81989247311828 1.4448192153312451
2.1397849462365595 1.2861869777354047
2.1827956989247315 1.4127722986452167
2.088709677419355 1.5730068820753584
2.3870967741935485 1.4816731695201777
2.4005376344086025 1.6034514529270854
2.5188172043010755 1.582620957081167
2.631720430107527 1.3983511861365039
2.5403225806451615 1.2653564818894862
2.6505376344086025 1.1804321526715111
2.446236559139785 1.14518054431688
2.3870967741935485 1.018595223407068
2.537634408602151 1.018595223407068
2.2231182795698925 1.1323617776424686
2.1720430107526885 1.0666655984361106
2.077956989247312 1.1419758526482773
2.341397849462366 1.2717658652266919
2.1720430107526885 1.4704567486800677
2.7016129032258065 1.452830944502752
2.7016129032258065 1.5858256487497697
2.838709677419355 1.4143746444795182
2.852150537634409 1.2974033985755147
1.9408602150537635 1.2445259860435678
1.970430107526882 1.0522444859273978
2.0618279569892475 1.0153905317384653
1.827956989247312 1.1708180776657027
1.838709677419355 1.079484365110522
1.9086021505376345 1.4672520570114649
1.92741935483871 1.3150292027528303
2.3575268817204305 1.3518831569417629
2.5833333333333335 1.4512285986684508
2.6397849462365595 1.7011945488194717
2.7580645161290325 1.659533557127635
2.8360215053763445 1.55217638622944
2.916666666666667 1.456035636171355
2.9301075268817205 1.3438714277702557
2.924731182795699 1.2461283318778693
2.884408602150538 1.1083265901279473
2.7688172043010755 1.0201975692413694
2.6397849462365595 0.9625131192065184
2.9220430107526885 1.1547946193226886
2.938172043010753 1.5537787320637415
2.860215053763441 1.678761707139252
2.96236559139785 1.4111699528109154
2.5080645161290325 1.7797094947002412
2.3440860215053765 1.7380485030084043
2.131720430107527 1.7076039321566774
1.8978494623655915 1.6290889862759081
2.494623655913979 1.7140133154938832
2.2500000000000004 1.6835687446421563
2.0295698924731185 1.667545286299142
3.061827956989248 1.33746204443305
3.236559139784947 1.3390643902673516
