2.188172043010753 1.4191816819824223
2.196236559139785 1.3807253819591883
2.263440860215054 1.3759183444562841
2.2688172043010755 1.4432168694969436
2.3897849462365595 1.3871347652963941
2.3360215053763445 1.3166315485871316
2.185483870967742 1.2974033985755147
2.112903225806452 1.3470761194388585
2.077956989247312 1.4047605694737095
2.120967741935484 1.4496262528341493
2.3682795698924735 1.4672520570114649
2.438172043010753 1.3342573527644472
2.2231182795698925 1.2605494443865821
2.3252688172043015 1.395146494467901
2.255376344086022 1.3294503152615431
2.1075268817204305 1.3006080902441175
2.5080645161290325 1.3775206902905854
2.5940860215053765 1.3807253819591883
1.9758064516129035 1.3759183444562841
1.7795698924731185 1.3807253819591883
1.6720430107526885 1.3775206902905854
1.599462365591398 1.406362915308011
1.591397849462366 1.4111699528109154
1.5483870967741935 1.4303981028225323
1.510752688172043 1.4320004486568336
1.456989247311828 1.3823277277934898
1.4543010752688175 1.2781752485638977
1.5833333333333335 1.2941987069069119
1.5967741935483875 1.3198362402557344
1.610215053763441 1.3550878486103657
1.599462365591398 1.367906615284777
1.56989247311828 1.3855324194620926
1.5268817204301075 1.3743159986219826
1.4973118279569895 1.367906615284777
1.4838709677419355 1.3310526610958444
1.4865591397849465 1.3006080902441175
1.489247311827957 1.2781752485638977
1.489247311827957 1.274970556895295
1.5161290322580645 1.2781752485638977
1.545698924731183 1.3278479694272416
1.567204301075269 1.3470761194388585
1.5752688172043015 1.3550878486103657
1.556451612903226 1.3759183444562841
1.532258064516129 1.4143746444795182
1.5188172043010755 1.4271934111539295
1.5 1.4271934111539295
1.4623655913978495 1.4079652611423124
1.446236559139785 1.395146494467901
2.6801075268817205 1.3775206902905854
2.9973118279569895 1.5185271237091102
3.35483870967742 1.448023906999848
3.303763440860215 1.2829822860668019
3.056451612903226 1.3550878486103657
2.8225806451612905 1.4624450195085605
2.8010752688172045 1.6755570154706492
3.206989247311828 1.6963875113165676
3.572580645161291 1.6467147904532236
3.825268817204301 1.4191816819824223
3.715053763440861 1.164408694328497
2.940860215053764 1.1579993109912914
2.809139784946237 1.2829822860668019
3.282258064516129 1.5698021904067556
3.588709677419355 1.7652883821915286
3.817204301075269 1.694785165482266
3.959677419354839 1.6082584904299897
4.056451612903226 1.3182338944214331
4.198924731182796 1.4848778611887805
3.25 1.8614291322496137
