1.067204301075269 1.125952394305263
1.3440860215053765 1.0730749817733163
1.3360215053763445 1.0458351025901922
1.263440860215054 1.0426304109215894
1.1263440860215055 1.0506421400930963
1.110215053763441 1.0939054776192347
1.381720430107527 1.1211453568023588
1.478494623655914 1.0346186817500822
1.481182795698925 0.9817412692181355
1.341397849462366 0.922454473348983
0.9435483870967742 1.0137881859041638
0.9543010752688172 1.0890984401163304
1.1182795698924735 1.1099289359622488
1.231182795698925 1.0714726359390148
1.2553763440860215 1.0201975692413694
1.2043010752688175 0.9897529983896425
1.0725806451612905 1.0009694192297525
1.0215053763440862 1.0730749817733163
1.0725806451612905 1.1147359734651532
1.3360215053763445 1.0570515234303022
1.1505376344086025 0.9737295400466284
0.9623655913978495 1.0282092984128766
1.17741935483871 1.0522444859273978
1.17741935483871 1.1003148609564404
1.3118279569892475 0.9737295400466284
1.1397849462365595 0.9480920066978058
0.9650537634408602 0.9897529983896425
0.9408602150537635 1.1195430109680573
1.3010752688172045 1.1323617776424686
1.1290322580645165 0.9384779316919971
0.9112903225806452 0.9817412692181355
0.827956989247312 1.076279673441919
0.9327956989247312 1.14518054431688
1.086021505376344 1.153192273488387
1.330645161290323 1.060256215098905
1.274193548387097 0.9384779316919971
1.1075268817204305 0.9833436150524368
1.0403225806451615 1.0858937484477276
1.28494623655914 1.1515899276540857
1.4220430107526885 1.1083265901279473
1.4758064516129035 1.037823373418685
1.438172043010753 1.0057764567326568
1.25 1.0234022609099722
1.1505376344086025 1.095507823453536
1.352150537634409 1.1307594318081673
1.438172043010753 1.037823373418685
1.405913978494624 0.933670894189093
1.2983870967741935 0.9016239775030646
1.131720430107527 0.9176474358460789
1.067204301075269 1.002571765064054
1.271505376344086 1.0778820192762204
1.6048387096774195 1.0346186817500822
1.862903225806452 1.0570515234303022
1.696236559139785 1.0923031317849332
1.9946236559139785 1.079484365110522
2.1908602150537635 1.2236954901976496
2.1908602150537635 1.2733682110609934
2.3790322580645165 1.464047365342862
2.588709677419355 1.4880825528573833
2.8548387096774195 1.475263786182972
3.198924731182796 1.367906615284777
3.346774193548387 1.2733682110609934
3.526881720430108 1.0987125151221389
3.631720430107527 0.9384779316919971
3.645161290322581 0.8279160691251994
3.551075268817205 0.6724885231979618
3.440860215053764 0.5635290064654654
3.301075268817205 0.47219529391028475
3.059139784946237 0.41290849804113233
2.830645161290323 0.41771553554403656
2.5322580645161294 0.5090492480992173
2.309139784946237 0.6099970356602067
2.120967741935484 0.8022785357763766
2.0860215053763445 0.9625131192065184
2.0833333333333335 1.148385235985483
2.287634408602151 1.32624562359294
2.5107526881720434 1.3871347652963941
2.7043010752688175 1.395146494467901
2.981182795698925 1.2653564818894862
3.220430107526882 1.0282092984128766
3.268817204301076 0.7077401315525931
3.053763440860215 0.6180087648317136
2.620967741935484 0.6532603731863449
2.0860215053763445 0.8888052108286533
2.037634408602151 1.153192273488387
2.298387096774194 1.2365142568720608
2.548387096774194 1.2573447527179793
3.14247311827957 1.1387711609796745
3.330645161290323 1.033016335915781
3.502688172043011 0.7702316190903484
3.368279569892473 0.7093424773868944
2.991935483870968 0.7173542065584015
2.5430107526881724 0.8487465649711179
2.3763440860215055 0.9464896608635043
2.255376344086022 1.1467828901511814
2.3655913978494625 1.2733682110609934
2.720430107526882 1.3198362402557344
3.094086021505377 1.2349119110377593
3.440860215053764 1.026606952578575
3.594086021505377 0.7926644607705682
3.591397849462366 0.6388392606776321
3.381720430107527 0.5475055481224513
3.0295698924731185 0.5811548106427811
2.8145161290322585 0.6548627190206462
2.3145161290322585 0.9577060817036143
2.263440860215054 1.1019172067907417
2.3440860215053765 1.2381166027063621
2.588709677419355 1.290994015238309
2.9112903225806455 1.2589470985522806
3.077956989247312 1.194853265180224
3.303763440860215 1.026606952578575
3.349462365591398 0.8054832274449795
3.201612903225807 0.7189565523927031
2.8360215053763445 0.6965237107124831
2.3655913978494625 0.8199043399536923
2.228494623655914 0.8968169400001604
2.0967741935483875 1.0426304109215894
2.131720430107527 1.1307594318081673
2.5403225806451615 1.1163383192994545
2.755376344086022 1.0570515234303022
3.134408602150538 0.8487465649711179
3.169354838709678 0.7253659357299087
3.131720430107527 0.6740908690322633
3.0215053763440864 0.6468509898491392
3.309139784946237 0.6468509898491392
3.309139784946237 0.7189565523927031
3.072580645161291 0.922454473348983
2.766129032258065 1.079484365110522
2.4408602150537635 1.1916485735116211
2.2822580645161294 1.206069686020334
2.241935483870968 1.14518054431688
2.4086021505376345 1.002571765064054
2.6048387096774195 0.8791911358228448
2.913978494623656 0.7349800107357172
3.163978494623656 0.6788979065351675
3.209677419354839 0.691716673209579
3.169354838709678 0.8022785357763766
3.06989247311828 0.8823958274914476
2.666666666666667 1.1115312817965504
2.448924731182796 1.1804321526715111
2.3897849462365595 1.1804321526715111
2.446236559139785 1.0089811484012596
2.567204301075269 0.8391324899653094
2.663978494623656 0.6788979065351675
2.6827956989247315 0.5875641939799867
2.645161290322581 0.6452486440148377
2.5967741935483875 0.8279160691251994
2.5833333333333335 1.010583494235561
2.6693548387096775 1.148385235985483
2.744623655913979 1.1708180776657027
2.9892473118279574 1.1547946193226886
3.110215053763441 1.0442327567558907
3.102150537634409 0.9096357066745717
3.037634408602151 0.8359277982967066
2.9973118279569895 0.8199043399536923
3.10483870967742 0.9865483067210397
2.849462365591398 1.4448192153312451
3.153225806451613 1.252537715215075
3.451612903225807 1.0842914026134263
3.39247311827957 0.8263137232908979
3.096774193548387 0.8038808816106782
2.7607526881720434 0.8920099024972561
2.7607526881720434 0.8920099024972561
2.655913978494624 0.9064310150059689
2.6586021505376345 0.911238052508873
2.6612903225806455 0.9144427441774758
3.037634408602151 1.1019172067907417
2.7930107526881724 0.991355344223944
3.405913978494624 0.8856005191600504
2.6505376344086025 1.2140814151918409
2.916666666666667 1.2140814151918409
2.8870967741935485 1.0346186817500822
2.438172043010753 0.7221612440613059
2.4193548387096775 0.5218680147736288
3.03494623655914 0.5026398647620116
2.698924731182796 0.47059294807598334
2.7500000000000004 0.8856005191600504
2.9462365591397854 1.0121858400698625
2.709677419354839 0.7253659357299087
2.830645161290323 1.2429236402092665
2.9758064516129035 1.3839300736277913
3.311827956989248 1.164408694328497
3.287634408602151 0.875986444154242
2.4650537634408605 0.8968169400001604
2.502688172043011 0.6564650648549477
2.5510752688172045 0.7029330940496887
2.556451612903226 0.7029330940496887
2.2258064516129035 0.6965237107124831
2.9865591397849465 0.8215066857879938
3.158602150537635 0.5122539397678201
2.612903225806452 1.0137881859041638
2.8790322580645165 1.0121858400698625
2.827956989247312 0.8439395274682135
2.4220430107526885 1.060256215098905
2.3548387096774195 0.691716673209579
2.2016129032258065 0.9897529983896425
2.916666666666667 1.3470761194388585
3.241935483870968 1.2461283318778693
3.056451612903226 1.3310526610958444
3.448924731182796 0.8551559483083235
3.379032258064516 0.9673201567094227
3.223118279569893 0.8791911358228448
3.521505376344086 0.9288638566861886
2.8037634408602155 0.7413893940729228
2.916666666666667 0.9705248483780256
2.903225806451613 0.5731430814712739
