1.7580645161290325 1.6066561445956882
1.881720430107527 1.5730068820753584
1.9865591397849465 1.5537787320637415
2.0295698924731185 1.6226796029387023
1.948924731182796 1.632293677944511
1.838709677419355 1.632293677944511
1.752688172043011 1.5345505820521244
1.8467741935483875 1.4656497111771636
1.9543010752688175 1.4656497111771636
1.8440860215053765 1.5345505820521244
2.0752688172043015 1.5938373779212769
2.067204301075269 1.5041060112003974
2.0725806451612905 1.452830944502752
2.1155913978494625 1.5377552737207272
2.244623655913979 1.5313458903835215
2.416666666666667 1.5393576195550287
1.8252688172043015 1.3983511861365039
2.674731182795699 1.648317136287525
2.577956989247312 1.56339280706955
2.577956989247312 1.475263786182972
2.7688172043010755 1.4400121778283408
2.983870967741936 1.4784684778515749
2.9973118279569895 1.5297435445492202
2.9650537634408605 1.5762115737439613
2.8333333333333335 1.6354983696131138
2.744623655913979 1.5698021904067556
2.688172043010753 1.5041060112003974
2.870967741935484 1.4928895903602877
2.860215053763441 1.5569834237323443
2.723118279569893 1.3550878486103657
2.7284946236559144 1.2877893235697062
2.591397849462366 1.6194749112700995
2.774193548387097 1.6995922029851704
2.92741935483871 1.6755570154706492
2.7284946236559144 1.2781752485638977
2.8467741935483875 1.2252978360319509
2.981182795698925 1.1499875818197842
2.9677419354838714 1.1003148609564404
2.766129032258065 1.0650632526018091
2.645161290322581 1.0810867109448232
2.612903225806452 1.117940665133756
2.548387096774194 1.222093144363348
2.631720430107527 1.2621517902208834
2.7392473118279574 1.1804321526715111
2.8360215053763445 1.1083265901279473
2.870967741935484 1.1660110401627986
2.64247311827957 1.1932509193459226
2.873655913978495 1.0554491775960007
2.505376344086022 1.1724204235000042
2.7150537634408605 1.1147359734651532
2.4408602150537635 1.106724244293646
2.4005376344086025 1.087496094282029
2.295698924731183 1.0554491775960007
2.1827956989247315 0.9833436150524368
2.1290322580645165 0.8936122483315576
1.9327956989247315 0.8471442191368164
1.78494623655914 0.8583606399769264
1.7123655913978495 0.9448873150292028
1.7150537634408605 1.0890984401163304
1.989247311827957 1.1099289359622488
2.0618279569892475 1.049039794258795
1.795698924731183 1.1051218984593445
1.817204301075269 1.0234022609099722
1.946236559139785 1.0426304109215894
2.0510752688172045 0.991355344223944
2.0510752688172045 0.980138923383834
2.0188172043010755 0.9320685483547915
1.967741935483871 0.9448873150292028
1.924731182795699 0.9817412692181355
1.7795698924731185 0.9545013900350114
1.8467741935483875 0.8968169400001604
1.895161290322581 0.9144427441774758
1.946236559139785 0.8968169400001604
1.6478494623655915 1.274970556895295
1.6263440860215055 1.2076720318546352
1.7365591397849465 1.3230409319243372
