1.2903225806451615 1.1676133859970999
1.352150537634409 1.1932509193459226
1.502688172043011 1.1115312817965504
1.4973118279569895 1.0153905317384653
1.373655913978495 0.9641154650408199
1.1586021505376345 0.9785365775495327
1.3333333333333335 1.1019172067907417
1.405913978494624 0.9817412692181355
1.327956989247312 0.8984192858344617
1.166666666666667 0.911238052508873
1.056451612903226 1.026606952578575
1.0833333333333335 1.0939054776192347
1.2365591397849465 1.1099289359622488
1.4086021505376345 1.1003148609564404
1.4650537634408605 1.049039794258795
1.303763440860215 0.9897529983896425
1.145161290322581 1.0234022609099722
1.2446236559139785 1.1243500484709616
1.185483870967742 1.0153905317384653
1.3225806451612905 1.0169928775727666
1.852150537634409 1.0746773276076176
0.946236559139785 1.1403735068139758
1.163978494623656 1.1884438818430183
0.9220430107526882 1.002571765064054
1.110215053763441 1.0506421400930963
1.559139784946237 0.9865483067210397
1.0483870967741935 0.7926644607705682
0.9408602150537635 1.1916485735116211
1.405913978494624 1.2381166027063621
1.56989247311828 1.0442327567558907
1.470430107526882 0.7477987774101285
1.0913978494623655 0.8343254524624051
0.7795698924731185 0.9609107733722171
1.1505376344086025 1.068267944270412
1.3225806451612905 0.8839981733257489
1.123655913978495 0.8471442191368164
1.4946236559139785 0.8567582941426248
0.9193548387096775 0.9545013900350114
1.0806451612903225 1.0442327567558907
1.0618279569892475 1.183636844340114
1.405913978494624 0.8615653316455292
1.405913978494624 0.8615653316455292
1.338709677419355 0.8231090316222951
1.327956989247312 0.8231090316222951
1.325268817204301 0.8231090316222951
0.9758064516129032 0.9416826233605999
1.145161290322581 0.9865483067210397
1.6397849462365595 1.0810867109448232
1.9650537634408605 1.1163383192994545
1.9865591397849465 1.164408694328497
2.28494623655914 1.34867846527316
2.685483870967742 1.5313458903835215
3.026881720430108 1.6242819487730038
3.298387096774194 1.659533557127635
3.836021505376344 1.6338960237788123
4.169354838709678 1.5281411987149187
4.478494623655914 1.3438714277702557
4.733870967741936 1.0714726359390148
4.822580645161291 0.8856005191600504
4.836021505376345 0.7173542065584015
4.75 0.5138562856021216
4.607526881720431 0.37445219801789825
4.384408602150538 0.2719020646226075
4.236559139784947 0.23665045626797637
3.572580645161291 0.19498946457613953
3.043010752688172 0.2398551479365792
2.7284946236559144 0.33279120632606146
2.413978494623656 0.4753999855788876
2.1720430107526885 0.6869096357066746
2.080645161290323 0.8791911358228448
2.0752688172043015 0.9769342317152312
2.1397849462365595 1.2605494443865821
2.241935483870968 1.390339456964997
2.448924731182796 1.5201294695434118
2.741935483870968 1.5938373779212769
3.263440860215054 1.601849107092784
3.521505376344086 1.5505740403951387
3.85483870967742 1.4223863736510252
4.258064516129033 1.106724244293646
4.397849462365592 0.8743840983199405
4.411290322580646 0.818301994119391
4.346774193548388 0.496230481424806
4.147849462365592 0.2991419438057316
3.849462365591398 0.1565331645529055
3.478494623655914 0.11647451869537007
2.981182795698925 0.2831184854627175
2.7016129032258065 0.5010375189277103
2.5860215053763445 0.6821025982037703
2.548387096774194 0.8663723691484335
2.6048387096774195 1.037823373418685
3.013440860215054 1.2252978360319509
3.413978494623656 1.206069686020334
3.881720430107527 1.0201975692413694
4.147849462365592 0.8006761899420753
4.244623655913979 0.5667336981340683
4.193548387096775 0.3920780021952139
3.887096774193549 0.3359958979946643
3.424731182795699 0.47059294807598334
3.077956989247312 0.6436462981805364
2.7258064516129035 0.9512966983664086
2.723118279569893 1.210876723523238
2.81989247311828 1.290994015238309
3.21236559139785 1.367906615284777
3.387096774193549 1.34867846527316
3.755376344086022 1.175625115168607
4.094086021505377 0.6869096357066746
4.013440860215054 0.3936803480295153
3.801075268817205 0.3071536729772388
3.408602150537635 0.3424052813318699
3.0000000000000004 0.5186633231050257
2.653225806451613 0.7718339649246497
2.526881720430108 0.9673201567094227
2.53494623655914 1.1932509193459226
2.741935483870968 1.35989488611327
3.293010752688172 1.436807486159738
3.766129032258065 1.3118245110842275
4.051075268817205 1.1419758526482773
4.252688172043011 0.8631676774798307
4.233870967741936 0.6180087648317136
3.827956989247312 0.5106515939335188
3.537634408602151 0.5715407356369726
3.056451612903226 0.807085573279281
2.9435483870967745 0.9368755858576958
3.10752688172043 1.068267944270412
3.341397849462366 1.0570515234303022
3.502688172043011 1.0121858400698625
3.717741935483871 0.9192497816803802
3.768817204301076 0.9208521275146817
3.688172043010753 1.049039794258795
3.580645161290323 1.2317072193691565
3.540322580645162 1.3919418027992982
3.78494623655914 1.3967488403022026
4.06989247311828 1.1932509193459226
4.153225806451613 1.0137881859041638
4.061827956989248 0.7926644607705682
3.672043010752689 0.6837049440380718
3.145161290322581 0.7429917399072243
2.8225806451612905 0.8952145941658589
2.580645161290323 1.1435781984825786
2.64247311827957 1.290994015238309
2.973118279569893 1.3823277277934898
3.258064516129033 1.3887371111306954
3.591397849462366 1.310222165249926
3.994623655913979 1.125952394305263
4.258064516129033 0.6949213648781818
4.123655913978495 0.5266750522765329
3.486559139784947 0.4401483772242564
2.970430107526882 0.5811548106427811
2.5537634408602155 0.8279160691251994
2.362903225806452 1.037823373418685
2.3252688172043015 1.2236954901976496
2.403225806451613 1.2717658652266919
2.4623655913978495 1.2893916694040075
2.7795698924731185 0.7461964315758272
2.5940860215053765 0.8839981733257489
2.341397849462366 1.33746204443305
2.5940860215053765 1.4672520570114649
3.088709677419355 1.4544332903370536
3.680107526881721 1.3086198194156247
4.053763440860215 1.1419758526482773
4.309139784946237 0.8775887899885433
4.217741935483871 0.6180087648317136
3.822580645161291 0.44175072305855784
3.236559139784947 0.477002331413189
2.8763440860215055 0.7397870482386215
2.6908602150537635 1.0057764567326568
2.698924731182796 1.2076720318546352
3.059139784946237 1.3006080902441175
3.352150537634409 1.2557424068836778
3.809139784946237 0.9833436150524368
3.897849462365592 0.7862550774333625
3.766129032258065 0.6468509898491392
3.518817204301076 0.622815802334618
3.182795698924732 0.7077401315525931
2.9677419354838714 0.8968169400001604
2.9301075268817205 1.026606952578575
3.174731182795699 0.9993670733954509
3.532258064516129 0.8166996482850895
3.704301075268818 0.6500556815177421
3.690860215053764 0.5891665398142882
3.49731182795699 0.5939735773171924
3.24731182795699 0.7253659357299087
3.139784946236559 0.8567582941426248
3.147849462365592 0.9480920066978058
3.370967741935484 0.8727817524856392
3.435483870967742 0.8407348357996107
3.518817204301076 0.8006761899420753
3.956989247311828 1.5185271237091102
4.013440860215054 1.4928895903602877
4.508064516129033 1.1499875818197842
4.64247311827957 1.0121858400698625
4.706989247311828 0.9416826233605999
4.698924731182796 0.6837049440380718
4.685483870967742 0.6051899981573023
4.60483870967742 0.5459032022881498
4.56989247311828 0.53468678144804
4.465053763440861 0.5186633231050257
4.338709677419355 0.5923712314828911
4.274193548387097 0.7654245815874441
4.217741935483871 0.9368755858576958
4.118279569892474 1.1612040026598942
3.919354838709678 1.3470761194388585
3.60752688172043 1.4544332903370536
3.252688172043011 1.4688544028457664
2.994623655913979 1.4207840278167239
2.709677419354839 1.321438586090036
2.4973118279569895 1.206069686020334
2.338709677419355 0.9448873150292028
2.470430107526882 0.7670269274217456
2.8118279569892475 0.5491078939567529
3.201612903225807 0.38566861885800824
3.486559139784947 0.31516540214874583
3.620967741935484 0.31676774798304724
3.690860215053764 0.39047565636091247
3.424731182795699 0.5619266606311641
3.077956989247312 0.5811548106427811
2.588709677419355 0.4834117147503946
2.494623655913979 0.477002331413189
2.580645161290323 0.41451084387543374
2.6478494623655915 0.3343935521603629
2.634408602150538 0.3263818229888557
2.3037634408602155 0.9512966983664086
2.3763440860215055 0.8791911358228448
2.8010752688172045 0.5555172772939585
2.8360215053763445 0.5298797439451357
2.709677419354839 0.6756932148665646
2.5080645161290325 0.9256591650175858
2.3870967741935485 1.1163383192994545
2.3467741935483875 1.2925963610726103
2.3467741935483875 1.3582925402789685
2.352150537634409 1.2573447527179793
2.362903225806452 1.0057764567326568
2.3978494623655915 0.7814480399304584
2.491935483870968 0.6099970356602067
2.688172043010753 0.5571196231282598
2.916666666666667 0.5459032022881498
3.067204301075269 0.6148040731631108
3.217741935483871 0.8134949566164866
3.244623655913979 1.0714726359390148
3.147849462365592 1.263754136055185
3.123655913978495 1.3070174735813231
3.123655913978495 1.3086198194156247
3.153225806451613 1.2974033985755147
3.413978494623656 1.1660110401627986
3.024193548387097 1.0842914026134263
3.233870967741936 1.0730749817733163
4.150537634408603 0.8695770608170363
4.244623655913979 0.8455418733025151
4.048387096774194 0.9144427441774758
3.741935483870968 1.0250046067442737
3.0107526881720434 1.2381166027063621
2.8037634408602155 1.2925963610726103
2.895161290322581 1.2621517902208834
3.717741935483871 0.9673201567094227
4.10483870967742 0.7798456940961569
4.172043010752689 0.6965237107124831
4.137096774193549 0.661272102357852
