1.352150537634409 1.5537787320637415
1.4327956989247315 1.5698021904067556
1.905913978494624 1.5201294695434118
2.1505376344086025 1.3663042694504757
2.2580645161290325 1.2188884526947452
2.2903225806451615 1.0554491775960007
2.1263440860215055 0.9609107733722171
1.913978494623656 0.9304662025204902
1.6075268817204305 0.9272615108518873
1.349462365591398 0.9769342317152312
1.131720430107527 1.0971101692878376
1.099462365591398 1.2172861068604437
1.1075268817204305 1.2781752485638977
1.185483870967742 1.3967488403022026
1.3440860215053765 1.4880825528573833
1.5510752688172045 1.532948236217823
1.787634408602151 1.5265388528806174
2.010752688172043 1.4512285986684508
2.2473118279569895 1.2429236402092665
2.252688172043011 1.0890984401163304
2.077956989247312 1.018595223407068
1.873655913978495 1.0169928775727666
1.56989247311828 1.0923031317849332
1.381720430107527 1.206069686020334
1.373655913978495 1.2958010527412132
1.6182795698924735 1.321438586090036
1.7903225806451615 1.3118245110842275
1.9301075268817205 1.2397189485406637
1.9301075268817205 1.175625115168607
1.841397849462366 1.1323617776424686
1.623655913978495 1.106724244293646
1.360215053763441 1.1387711609796745
1.2150537634408605 1.1964556110145255
1.2043010752688175 1.2092743776889368
1.362903225806452 1.1724204235000042
1.5483870967741935 1.0714726359390148
1.6586021505376345 0.9561037358693127
1.6693548387096775 0.8856005191600504
1.545698924731183 0.8343254524624051
1.3118279569892475 0.8279160691251994
1.0940860215053765 0.8279160691251994
0.9892473118279572 0.8199043399536923
0.9973118279569895 0.7461964315758272
1.1397849462365595 0.661272102357852
1.352150537634409 0.6260204940032208
1.559139784946237 0.6244181481689193
1.752688172043011 0.6901143273752774
1.795698924731183 0.8375301441310079
1.774193548387097 0.9961623817268481
1.5752688172043015 1.2140814151918409
1.352150537634409 1.3663042694504757
1.206989247311828 1.4592403278399577
1.166666666666667 1.5009013195317946
1.198924731182796 1.5121177403719046
1.623655913978495 1.4464215611655464
2.024193548387097 1.3070174735813231
2.2016129032258065 1.206069686020334
2.274193548387097 1.125952394305263
2.2903225806451615 1.010583494235561
2.2795698924731185 0.9016239775030646
2.2016129032258065 0.7574128524159371
2.0645161290322585 0.6756932148665646
1.895161290322581 0.669283831529359
1.5833333333333335 0.74940112324443
1.2150537634408605 0.8503489108054192
0.9005376344086022 0.9545013900350114
0.685483870967742 1.0890984401163304
0.6075268817204302 1.2188884526947452
0.674731182795699 1.290994015238309
1.188172043010753 1.3278479694272416
1.688172043010753 1.2509353693807737
1.970430107526882 1.0826890567791247
2.0403225806451615 1.0314139900814794
2.287634408602151 0.8471442191368164
0.9704301075268817 1.3566901944446672
0.9408602150537635 1.060256215098905
0.8790322580645162 1.2076720318546352
0.8790322580645162 1.2076720318546352
1.9301075268817205 1.4095676069766139
2.446236559139785 1.0714726359390148
2.6505376344086025 1.0826890567791247
1.1290322580645165 0.9416826233605999
1.3682795698924735 1.0201975692413694
2.0725806451612905 0.8199043399536923
1.774193548387097 1.4384098319940395
1.438172043010753 1.4271934111539295
0.7930107526881722 1.2172861068604437
1.1505376344086025 1.002571765064054
1.352150537634409 1.076279673441919
2.720430107526882 1.1387711609796745
2.795698924731183 1.3070174735813231
2.8360215053763445 1.3454737736045572
3.0107526881720434 0.603587652323001
2.8870967741935485 0.7782433482618554
2.8682795698924735 0.8311207607938023
2.983870967741936 1.2044673401860324
2.994623655913979 1.2493330235464721
3.185483870967742 1.3663042694504757
3.510752688172043 1.3999535319708054
3.873655913978495 1.3342573527644472
4.096774193548388 1.2365142568720608
4.206989247311828 1.1339641234767701
4.220430107526882 1.0153905317384653
4.14247311827957 0.875986444154242
3.836021505376344 0.5859618481456854
3.612903225806452 0.5523125856253557
3.39247311827957 0.5939735773171924
3.236559139784947 0.6901143273752774
3.150537634408602 1.1275547401395645
3.309139784946237 1.2445259860435678
3.524193548387097 1.3198362402557344
3.766129032258065 1.3358596985987488
4.056451612903226 1.2717658652266919
4.174731182795699 1.1708180776657027
4.174731182795699 0.8359277982967066
3.940860215053764 0.7590151982502384
3.620967741935484 0.7510034690787313
3.231182795698925 1.0586538692646035
3.413978494623656 1.0971101692878376
3.63978494623656 1.087496094282029
3.852150537634409 1.002571765064054
3.965053763440861 0.8599629858112277
3.744623655913979 0.6500556815177421
3.037634408602151 0.9817412692181355
3.24731182795699 1.35989488611327
3.46236559139785 1.436807486159738
3.728494623655914 1.4592403278399577
3.99731182795699 1.425591065319628
4.193548387096775 1.3278479694272416
4.276881720430108 1.2269001818662524
4.303763440860215 1.0121858400698625
4.228494623655914 0.8423371816339122
2.9865591397849465 1.183636844340114
3.037634408602151 1.3406667361016529
3.776881720430108 1.56339280706955
4.088709677419355 1.521731815377713
4.25 0.7974714982734725
3.150537634408602 1.3454737736045572
3.327956989247312 1.4608426736742592
3.56989247311828 1.5169247778748087
3.766129032258065 1.524936507046316
4.06989247311828 1.464047365342862
4.327956989247312 1.3182338944214331
4.330645161290323 0.8727817524856392
3.852150537634409 0.6644767940264549
3.516129032258065 0.6420439523462349
3.086021505376344 0.8391324899653094
2.916666666666667 0.9977647275611496
3.279569892473119 1.210876723523238
3.416666666666667 1.1323617776424686
3.548387096774194 0.9865483067210397
3.612903225806452 0.8118926107821853
3.413978494623656 0.6292251856718236
3.064516129032258 0.6997284023810859
2.9462365591397854 0.7718339649246497
2.9193548387096775 0.864770023314132
2.9193548387096775 0.9000216316687633
2.983870967741936 0.922454473348983
3.49731182795699 0.5795524648084798
3.099462365591398 0.7077401315525931
3.551075268817205 0.6292251856718236
3.693548387096775 0.6196111106660152
3.760752688172043 0.8263137232908979
3.75 0.9561037358693127
3.755376344086022 1.076279673441919
3.806451612903226 1.1099289359622488
3.857526881720431 1.0858937484477276
3.873655913978495 0.9737295400466284
3.844086021505377 0.8839981733257489
3.766129032258065 0.8615653316455292
3.575268817204301 0.8791911358228448
3.389784946236559 0.9865483067210397
3.456989247311828 0.9769342317152312
3.545698924731183 0.9128403983431745
3.551075268817205 0.8775887899885433
3.475806451612904 0.8663723691484335
3.680107526881721 1.206069686020334
4.086021505376345 1.1115312817965504
3.370967741935484 0.8423371816339122
3.260752688172043 0.8615653316455292
3.521505376344086 0.6564650648549477
3.21236559139785 0.9096357066745717
3.865591397849463 1.2557424068836778
3.413978494623656 1.194853265180224
3.422043010752689 1.2941987069069119
3.814516129032258 1.3614972319475713
4.075268817204301 0.6452486440148377
4.268817204301076 1.448023906999848
2.940860215053764 1.4320004486568336
2.577956989247312 1.0842914026134263
