2.338709677419355 1.5842233029154684
2.3037634408602155 1.582620957081167
2.1935483870967745 1.5810186112468656
2.0967741935483875 1.5810186112468656
2.0295698924731185 1.5810186112468656
1.938172043010753 1.5730068820753584
1.8655913978494625 1.55217638622944
1.763440860215054 1.513720086206206
1.6505376344086025 1.4496262528341493
1.5295698924731185 1.35989488611327
1.4301075268817205 1.2829822860668019
1.362903225806452 1.2044673401860324
1.3333333333333335 1.1323617776424686
1.341397849462366 1.0634609067675078
1.3763440860215055 1.021799915075671
1.481182795698925 0.9480920066978058
1.553763440860215 0.9016239775030646
1.631720430107527 0.8727817524856392
1.7338709677419355 0.8519512566397207
1.8467741935483875 0.8375301441310079
1.9865591397849465 0.8215066857879938
2.163978494623656 0.8199043399536923
2.309139784946237 0.8439395274682135
2.435483870967742 0.8711794066513376
2.545698924731183 0.8968169400001604
2.645161290322581 0.9352732400233943
2.7500000000000004 0.9785365775495327
2.8037634408602155 1.010583494235561
2.8655913978494625 1.1003148609564404
2.8870967741935485 1.2172861068604437
2.8897849462365595 1.2941987069069119
2.8682795698924735 1.3310526610958444
2.806451612903226 1.3695089611190785
2.733870967741936 1.4223863736510252
2.67741935483871 1.4512285986684508
2.631720430107527 1.464047365342862
2.5752688172043015 1.4720590945143692
2.494623655913979 1.4816731695201777
2.438172043010753 1.494491936194589
2.395161290322581 1.5073107028690003
2.381720430107527 1.5169247778748087
2.373655913978495 1.5201294695434118
2.3655913978494625 1.5233341612120146
2.3333333333333335 1.56339280706955
2.3225806451612905 1.5810186112468656
2.3225806451612905 1.5842233029154684
2.3225806451612905 1.5874279945840712
