2.3548387096774195 1.632293677944511
2.9973118279569895 1.6034514529270854
3.365591397849463 1.4544332903370536
3.610215053763441 1.2701635193923906
3.658602150537635 1.1211453568023588
3.612903225806452 0.864770023314132
3.395161290322581 0.6580674106892492
3.037634408602151 0.5106515939335188
2.56989247311828 0.42732961054984503
2.134408602150538 0.43213664805274926
1.782258064516129 0.465785910573079
1.602150537634409 0.5250727064422316
1.446236559139785 0.7333776649014159
1.3333333333333335 0.9641154650408199
1.330645161290323 1.1435781984825786
1.349462365591398 1.2845846319011034
1.4301075268817205 1.3999535319708054
1.545698924731183 1.4816731695201777
1.7150537634408605 1.5553810778980428
1.809139784946237 1.5890303404183725
2.1182795698924735 1.5970420695898797
1.967741935483871 1.5890303404183725
2.5833333333333335 1.6274866404416066
2.8467741935483875 1.6499194821218264
3.086021505376344 1.6579312112933335
3.099462365591398 1.651521827956128
3.223118279569893 1.6034514529270854
3.413978494623656 1.5313458903835215
3.502688172043011 1.483275515354479
3.564516129032258 1.4320004486568336
3.658602150537635 1.3727136527876813
3.693548387096775 1.3342573527644472
3.685483870967742 1.2925963610726103
3.709677419354839 1.1579993109912914
3.717741935483871 1.1131336276308517
3.709677419354839 1.0442327567558907
3.696236559139785 0.8823958274914476
3.674731182795699 0.8086879191135825
3.666666666666667 0.8054832274449795
3.575268817204301 0.7526058149130328
3.559139784946237 0.7349800107357172
3.483870967741936 0.680500252369469
3.46236559139785 0.6596697565235505
3.454301075268818 0.6596697565235505
3.411290322580646 0.6196111106660152
3.266129032258065 0.5362891272823413
3.236559139784947 0.41611318970973515
3.150537634408602 0.37284985218359684
2.4005376344086025 0.2783114479598133
2.2043010752688175 0.311960710480143
2.0645161290322585 0.3375982438289657
1.991935483870968 0.35842873967488414
1.806451612903226 0.41451084387543374
1.67741935483871 0.46097887307017477
1.553763440860215 0.5026398647620116
1.502688172043011 0.5282773981108344
1.459677419354839 0.5715407356369726
1.373655913978495 0.661272102357852
1.303763440860215 0.7333776649014159
1.260752688172043 0.8022785357763766
1.252688172043011 0.8743840983199405
1.2473118279569895 0.9737295400466284
1.2580645161290325 1.0586538692646035
1.263440860215054 1.0810867109448232
1.263440860215054 1.0842914026134263
1.2795698924731185 1.1499875818197842
1.306451612903226 1.2557424068836778
1.303763440860215 1.34867846527316
1.3360215053763445 1.456035636171355
1.352150537634409 1.4960942820288905
1.352150537634409 1.5025036653660961
1.352150537634409 1.5041060112003974
1.3870967741935485 1.5041060112003974
1.491935483870968 1.521731815377713
1.623655913978495 1.56339280706955
1.771505376344086 1.640305407116018
1.903225806451613 1.6691476321334435
2.0188172043010755 1.6627382487962379
2.0752688172043015 1.6579312112933335
2.2338709677419355 1.6819663988078548
2.381720430107527 1.694785165482266
2.505376344086022 1.7043992404880746
2.588709677419355 1.7124109696595817
2.653225806451613 1.7124109696595817
2.755376344086022 1.7140133154938832
2.8145161290322585 1.7140133154938832
2.8467741935483875 1.7140133154938832
2.8548387096774195 1.7108086238252804
2.948924731182796 1.706001586322376
3.056451612903226 1.7027968946537733
3.129032258064516 1.689978127979362
3.201612903225807 1.6771593613049505
3.263440860215054 1.667545286299142
3.314516129032258 1.659533557127635
3.435483870967742 1.6467147904532236
3.53494623655914 1.625884294607305
3.594086021505377 1.590632686252674
3.623655913978495 1.5601881154009472
3.672043010752689 1.510515394537603
3.736559139784947 1.4336027944911351
3.75 1.406362915308011
3.752688172043011 1.4015558778051067
3.787634408602151 1.3438714277702557
3.846774193548387 1.274970556895295
3.879032258064517 1.2188884526947452
3.876344086021506 1.1852391901744155
3.876344086021506 1.183636844340114
2.849462365591398 0.40008973136672094
2.655913978494624 0.36003108550918556
2.9569892473118284 0.3424052813318699
3.037634408602151 0.38727096469230965
3.39247311827957 0.5042422105963131
3.481182795698925 0.5475055481224513
2.349462365591398 0.4257272647155436
2.612903225806452 0.28792552296562174
2.026881720430108 0.4545694897329691
1.5 0.6244181481689193
3.739247311827957 0.9400802775262986
3.88978494623656 1.106724244293646
3.922043010752689 0.9625131192065184
3.645161290322581 0.6885119815409761
3.594086021505377 0.5731430814712739
3.841397849462366 0.8839981733257489
2.14247311827957 1.2429236402092665
2.1586021505376345 1.2557424068836778
2.330645161290323 1.3006080902441175
2.7607526881720434 1.279777594398199
3.043010752688172 1.210876723523238
3.067204301075269 1.0346186817500822
2.817204301075269 0.7189565523927031
2.599462365591398 0.6869096357066746
2.4086021505376345 0.7397870482386215
2.206989247311828 0.8455418733025151
2.06989247311828 0.9448873150292028
2.037634408602151 1.0458351025901922
2.080645161290323 1.2252978360319509
2.088709677419355 1.2269001818662524
2.0645161290322585 1.233309565203458
2.056451612903226 1.2349119110377593
2.0725806451612905 1.2349119110377593
2.0 1.2269001818662524
2.0 1.210876723523238
2.0 1.1003148609564404
2.0322580645161294 1.026606952578575
2.1155913978494625 0.933670894189093
2.2016129032258065 0.8695770608170363
2.2338709677419355 0.8471442191368164
2.330645161290323 0.795869152439171
2.384408602150538 0.7702316190903484
2.459677419354839 0.74940112324443
2.577956989247312 0.7365823565700187
2.663978494623656 0.7333776649014159
2.8145161290322585 0.7894597691019654
2.9220430107526885 0.8359277982967066
2.9569892473118284 0.875986444154242
3.112903225806452 1.033016335915781
2.9220430107526885 1.3422690819359544
2.7500000000000004 1.3406667361016529
2.5940860215053765 1.3614972319475713
2.5295698924731185 1.3663042694504757
2.4086021505376345 1.3630995777818729
2.298387096774194 1.3390643902673516
2.2795698924731185 1.3310526610958444
2.228494623655914 1.2829822860668019
2.220430107526882 1.279777594398199
2.206989247311828 1.279777594398199
2.2043010752688175 1.279777594398199
2.1935483870967745 1.2845846319011034
2.1908602150537635 1.2861869777354047
2.9865591397849465 1.332655006930146
2.9865591397849465 1.3294503152615431
3.072580645161291 1.2733682110609934
3.17741935483871 1.1900462276773196
3.190860215053764 1.1579993109912914
3.201612903225807 1.0570515234303022
3.193548387096775 1.0009694192297525
3.180107526881721 0.9208521275146817
3.180107526881721 0.9080333608402702
3.161290322580645 0.9064310150059689
3.118279569892473 0.875986444154242
3.096774193548387 0.8567582941426248
3.059139784946237 0.8166996482850895
3.043010752688172 0.8006761899420753
3.002688172043011 0.7910621149362669
2.9677419354838714 0.7654245815874441
2.9569892473118284 0.7574128524159371
2.9354838709677424 0.7638222357531428
2.9220430107526885 0.7654245815874441
2.8870967741935485 0.7766410024275541
2.873655913978495 0.7814480399304584
2.852150537634409 0.7942668066048697
2.405913978494624 1.1099289359622488
2.4193548387096775 1.1115312817965504
2.663978494623656 1.1740227693343055
2.741935483870968 1.1467828901511814
2.7688172043010755 1.010583494235561
2.7150537634408605 0.9416826233605999
2.505376344086022 0.9496943525321071
2.4086021505376345 0.9945600358925468
2.3575268817204305 1.0554491775960007
2.3575268817204305 1.0666655984361106
2.360215053763441 1.0890984401163304
2.381720430107527 1.0923031317849332
2.470430107526882 1.1563969651569899
2.5618279569892475 1.175625115168607
2.763440860215054 1.0650632526018091
2.6370967741935485 0.9464896608635043
