0.3928099640270163 -0.024674440757175085
0.2636751713980757 -0.5969144676657263
1.0247693117672394 1.3372567751294906
1.309300561671069 0.750382165948078
1.0884044948150535 1.3829988227800445
1.201941697425409 0.30289427379279465
-0.15875481328520868 0.27105333160686895
-0.5153879967268411 -0.13147622022252906
0.4212655750335308 0.18551374160868406
1.479711902963818 0.583752259825606
1.2849657111148007 1.4230431585139838
1.0509765479694864 1.6264625502022363
0.6468061968974452 1.6640061525684966
-0.324468758166377 -0.25308072714638186
1.4842967250980386 1.1878669885703015
0.6113554080236483 1.3470427734008852
1.167424898683272 1.3449435135187469
-0.028431615700502434 -0.8380978774437835
0.11374877858334212 -0.34130744563142495
1.0816354506607804 1.3022456127748072
1.5235709514042237 0.7862187504046576
1.297255978701049 1.0740857330754898
0.34659617956976746 0.3301918181170031
-0.03632814303043058 0.26185293942202925
-0.003262728853231702 0.0009997434282193096
0.47766091320194115 1.4455225876219469
0.4319616006432906 0.06572527098486561
0.3130367671295481 0.5603366249681873
-0.30062525370370485 -0.035871848949170775
0.8684349688519172 1.0361736131544024
-0.46035780519093594 0.27188966804226444
1.4451498695560008 1.0434284516889374
0.0009511199913009059 0.3608196436317915
0.04229234787647157 -0.6510922441676661
1.5403291956315803 1.3262823784742528
1.2998439743209045 1.3748808009436737
0.8075884544728197 1.2507055742329407
-0.035260695289655745 -0.12241894813565402
0.2152351809982667 -0.539494749271396
-0.4063891953423505 0.08847727516363926
-0.7880861888795607 -0.04263488966100737
0.4069942507463592 0.9970869305679063
0.661023946218811 1.1084429810690668
1.3172039706781622 0.503078242156328
1.5384655811348527 1.2520429899010619
0.16047323304781952 0.6125769572935572
1.480105840268493 1.16903092740644
0.6783628240638261 1.2710193109455212
1.2820800298906054 1.4405473057073988
-0.5221628436422859 -0.010635217820545892
0.050619515780719965 -0.49973376823534466
1.313742261573063 1.414133131446714
0.6298267254882115 1.1173252679030394
1.2339080820499098 1.5251813234866174
-0.060836837598113064 -0.006748114186119604
0.766645970673999 0.7101429820879206
0.9045615370861407 1.2645207100585905
1.474685886683611 0.5705722774401629
1.4063009779708004 1.1257900897079398
-0.024161461371215835 -0.15140473517017533
1.8425901378262797 1.4646225125116539
0.1993492297343762 -0.15912185160146394
0.1381693412798539 -0.15010892983430146
0.7917247600786677 1.0182203009889361
-0.3034322849818246 0.35816504229331947
0.8648794981022491 1.0565234861079444
0.3357381761562395 -0.021450941113439828
0.5981204772845221 0.39341453789010006
0.9924584828117254 1.4686811910680788
1.166740185140642 0.4608773313375164
0.7377815983811755 0.745255371953627
1.340304795011252 0.8702002955202459
0.8676383595322402 1.6652396568926204
0.8830691092821733 0.4266774295954997
0.7563308230750407 1.2956142536144546
0.7458548438920278 0.5774313214556567
0.853133631288565 1.4731830136234918
-0.3740274791181513 0.3267271765133075
1.008748852654151 1.640009047865151
1.0175805176492083 0.9124276944715596
-0.477275963162934 -0.5091102016772385
0.9176496170771851 1.1860267067435826
0.20490250122977022 0.311752488642531
0.3153378158485134 -0.6657310005905889
0.030424081344761326 0.5879389824421062
1.5025044673204926 1.0849944479024354
-0.022160476199475712 -0.1566024263162769
-0.36350497161675965 -0.3180535657358553
-0.22107396677548818 0.6279575347654058
1.490977145742017 1.2824526278155144
1.5463442471870354 1.4180358184680055
0.532046591516196 1.2167074980776331
0.022983211727637745 -0.7205676261571561
-0.426338823489955 -0.07401330793151192
0.6468857944556634 0.7767587736733417
0.0584906138125586 -0.029525430183541094
0.25046832790268003 1.0647553021627114
1.1213644863585739 1.2559598540434165
1.2907477236502318 0.9845411175402786
1.3410659493930965 1.433117077850678
1.482589483990203 1.3176913577431988
0.16054936959084173 0.07401804652259938
0.10147171029233916 0.42149936669063715
0.3869969591342262 0.041559051963389985
0.8786070508044681 0.7833536713481566
1.438661473868828 1.463762694219789
0.9030386562220116 1.4002298115458762
1.984228887513599 0.948825969390142
-0.6694029412842936 0.196777895083325
-0.16189195397508052 -0.16068463917125764
0.3986306557210315 1.3665837384284092
1.2779091191506318 1.1400494086297357
0.8258976601729529 -0.2724837698843039
-0.14785601174909377 0.23892059497528545
-0.07474201006265535 -0.25732149498007606
1.9135958755959035 1.1564265442841712
1.1363790579062867 1.1588302067762215
1.0063098780752222 0.9860720016015504
1.6191554352145965 1.4648344119755765
-0.06416933920673427 -0.27387257079866945
1.2917837090660198 1.3845494217003602
1.6837542761506417 0.7474014611161024
0.8121804863185347 0.4573445358649407
-0.19495717275792449 0.4232743464635458
1.085112503367416 0.7069646565486705
-0.03945176406812358 -0.6062852783620815
0.952631269095796 1.4962777534521199
0.6710547842167085 -0.11533803743838478
0.14817073097834302 0.21518564711149626
-0.17724418241116227 -0.4645894064417315
0.15790182776426334 -0.6388046960097626
0.9883698362290133 1.0404707572281537
0.04759169462479971 -0.18268550431219854
-0.2958920765878672 -0.011771459421128373
-0.12610647570649425 0.5655599680417583
0.8972642535896151 0.9287593377953317
0.9798953028925901 1.0178838257981064
0.7745610887897079 1.1513327396280082
-0.24883813001777466 0.6140543243912521
0.34049405306064906 0.28520345148386334
0.078392263698866 -0.2739779312585705
1.3556998822332271 1.3043942295517053
-0.5533763510470645 -0.028180184689885493
-0.3146345338246705 -0.20778232944302127
-0.39708287370834616 -0.5617672080276963
-0.4123542489081765 -0.017170010588109623
1.8987783335649466 0.5458455222707641
1.082698537392259 1.077596352822111
0.4534382518485903 0.15496844389023473
0.8891828596447102 1.3334778761341721
-0.14373808867517288 -0.04508502771037193
0.31478355190463125 -0.22917217871777246
1.057044821013006 1.2728588048710918
-0.30310452689078926 0.05074387192643629
1.0595047572071612 1.7955928104179324
0.3745831539572207 0.18238190841513785
1.3768908129469788 0.9547072888220317
-0.014477091764189088 -0.24301106216276616
-0.4382532028842725 -0.18690790977954963
1.1350457079092116 1.2985112819613407
0.016739748093817 0.22546972357874986
0.8454428124194964 0.9357230638984471
0.022877509756119567 0.2651976174410544
1.1346102596776797 1.1343999935773732
1.470929301999111 1.368087519220544
0.16626622561872476 -0.1407516847721007
0.7055587740340704 1.783001488824794
-0.004821154058596013 0.15959168639582139
0.048509675822278 0.13456685857865044
0.4920739594617324 1.0348915540690808
0.22935778741292745 0.19005163533818728
1.1222139304136496 1.7908491851926494
0.9470072730398845 1.1143237653052827
0.48809571592037715 0.20056356698311087
0.19465982296885354 0.019059383120353966
-0.32882936151606523 -0.31493443310599845
0.879820344083765 0.9816865041874561
-0.3195437449612867 0.05406327287649743
-0.12622137032741093 -0.2584558641094602
0.11441066384262273 -0.11371030522076875
0.09059254387377291 0.040200283520427725
-0.3332811616741806 -0.6415205962831504
-0.152589798448672 0.18631584232999002
0.22162549589579073 -0.22429846565516445
0.9576254115176237 1.3065947360892176
0.8679786545927493 1.8328807715564337
1.7860919910643522 1.412250294182553
0.1544012284171986 0.32166656047043024
1.2093377160769399 1.0193398627866832
-0.19447129900292764 -0.6947813617035027
-0.4782429056707016 -0.06241493669515575
1.5817078216833527 1.6977627438094256
0.4361706867701971 1.4787107279680263
-0.00042627063196935637 0.023590698462354856
0.4358281790994244 0.7193116834081368
1.5936415841938416 1.320321392782554
1.3130106312264254 1.666961462812108
0.35030075124719295 -0.522604620779412
0.7878476392461702 1.2977092437705064
-0.20833268214540138 -0.4089635805900041
-0.4637303877111759 0.3161847051382781
1.0962154539802083 1.2591148846369553
0.012210083779538913 -0.5793697579938355
0.1147845182433785 -0.0628147364876619
-0.2892477287272657 0.12797120792784492
0.2181896884872097 -0.04182658471887033
0.9219937369705291 1.8734932761905707
-0.048993637767200185 0.018769670167024393
1.2350866659813262 1.1758102689095031
0.3113506351205155 -0.14817390375501205
0.31432113141263585 -0.1935209950619064
1.2290249518932876 0.7667537864810233
-0.16863088249515956 -0.26863941762217713
0.5027927625453206 0.404448743409642
-0.30517858636355877 0.27327007580567864
0.20149829397539443 -0.07500048977579032
-0.08165506372948675 0.12030198363661711
0.1980078856908624 -0.38942894837234837
1.138177098294399 1.320853319323515
-0.4231655544681179 -0.05897454745890763
-0.4022692542776743 -0.06447171245083357
-0.27591992629747214 -0.8838849260679329
1.2844580989231897 1.1831334785478327
-0.022875905925853583 -0.3826983733732832
-0.8133925909611974 -0.15850545400764765
1.1539409063129256 0.8885260071521185
-0.2642611816313949 0.10440938226523323
0.9466198692530723 1.2224915581828542
1.1783865324529814 1.2107222517746745
-0.11804715563731995 -0.4319435983068763
1.1691911240219799 1.228689777372441
1.5570159898980949 1.6215237376593699
1.3657515650360788 1.0055271972383633
-0.220853754406859 -0.513575414098093
-0.4367510096884316 -0.5937052123388135
0.7080912033960349 1.810763975372721
1.7005375027050875 0.7334360807132863
0.6617334056120439 0.8083788557473148
0.07277785397369238 0.44107289198582517
1.1573021291748233 1.3335039488824634
-0.042898797909156294 0.0034119167758034008
-0.2148959803272024 0.002691883219349264
0.5063998812148678 0.13843906700715197
1.6135447279820967 0.7763922124806286
1.4135247026158224 1.5843259209166711
0.07668627514756951 -0.11413960976696076
0.44628972826160085 -0.08242316285665235
-0.07755229533297481 0.20815122420893656
1.0906283180577694 1.5225493770099003
0.0812289070113855 -0.4613765330962992
-0.47206828113970284 -0.3854091243749479
0.10257292919700084 0.3217394077421508
-0.0625310429987685 0.03312390781331647
0.24053465722012946 0.5967307595189332
-0.08594250668029141 -0.1308566478124164
1.5991592072004166 1.4059067978329634
0.20438450713650194 0.44691292224862245
1.1632943177126063 0.6193335959784683
0.961896602094092 1.5074678719953407
1.5513517003341797 0.5163151525351879
1.279737897581799 1.4223880964724653
0.4828121726718354 0.2831574366028051
1.1909884817153082 0.8354245663875799
-0.3046884310211755 -0.4536760999044852
-0.04113407550731826 1.0090199952528671
1.0232771361358768 0.9573429735520492
1.2479918186293084 0.7720270759370903
0.4992956022003219 1.2165655816980776
0.04504735332318863 -0.19709938032145563
0.6366580665977273 0.7435305860943944
0.1771983004188843 0.2107053234667811
-0.1217296753297439 -0.17245830655891017
0.13342369754440458 0.1814138672818553
1.2314334273411236 1.5112672689183104
1.1075891612384434 0.9354129784571072
-0.2672699823794742 -0.29033003556608195
-0.4883303286908494 0.17440973061259402
0.8285504790356829 1.487990233526301
-0.659865997594036 0.13389746282158552
0.8609292671186404 1.0527056170719282
0.17360778463715892 -0.30667535050325806
-0.09190360657825866 0.5535048667359974
0.2376879776973393 -0.057469998815191464
-0.6483764870829114 0.048174562902593546
0.15260931052291432 0.06871228082329559
-0.0036127400972130646 0.41223392089608085
-0.23809502129831742 -0.20169904739825165
-0.19310502938328256 0.13287783709457063
1.298412445348228 1.170740474232393
1.0001231067914134 1.6145179427155
-0.312977015952063 0.00948480540017985
0.32599875946178813 0.1198899960092928
1.3523824565401474 0.6930235421362484
0.07778906059623562 0.2722456214705331
-0.12660771423212558 0.12328905108299634
0.4673011249043023 0.166877323686679
0.35410481532423527 -0.4563002603583584
1.0768507065634914 1.0765343537997094
0.8470944424676456 0.8893123412356884
0.8494254305465693 1.3879160354625393
-0.4319456050594493 0.40235594865790075
0.2462144126819764 -0.6255155970591144
0.16120804485308787 0.1409872145510097
1.2281392511966145 1.3537804659984285
-0.08178232959649559 0.015710868168429804
0.8835772769564804 1.4558349911698045
1.2515700651188024 1.1344658999353998
0.2502474397139708 -0.11418500680851365
-0.07757425159895553 -0.6987175352528558
-0.27882408887816085 0.3733539397955833
0.7512238475625892 0.9784382349598351
1.2288428807287355 0.8507861788926648
1.2865010814342446 1.1726240018022744
1.0586281204515644 0.9851645881783935
0.7678007065039713 1.32470114759872
0.37546035234182795 -0.026235402565039246
1.129222529424384 1.4194506183956748
0.2583174212832851 -0.7094652806931265
1.1932253630575769 0.3827848236782402
-0.21670807953409557 -0.14185398732607185
-0.2900515887980413 0.25747127396684355
-0.40468505360928697 0.22326164924444616
0.15006084782951157 -0.14868652024012594
1.241375820618623 0.9874741306087444
1.1513348517658888 0.9108041926975824
0.7998927988934765 0.9067245935214195
-0.007492909149821789 -0.6901645733874844
0.9135235887922017 0.908631868978945
-0.1302293418485517 0.4390206215850337
1.2048955179488614 0.8973537345542393
0.7808479174043136 1.1819172331517118
1.8425196356186588 1.143092183245716
0.0052324992222417335 -0.5916916609076381
-0.24315261053140827 0.12138061429276167
0.187269441466587 -0.34023633963846517
0.039097657331827074 0.053663775930825136
-0.2752537055394041 -0.0420570013419363
0.30928949078263 -0.05282948212572772
1.27909676201565 0.7906306924172273
0.08675822234293919 -0.6643102052955203
0.16127481054129067 0.6961386525748617
-0.12949030828915306 0.509882789490522
-0.5720818832622616 -0.22080503393028478
0.24594472888232316 -0.23912637612218074
1.1774821375396658 1.1145726148575128
1.3080085794870766 1.7744326079773085
0.2573396703498624 0.2113868697438163
-0.1061857499204555 0.2917400457671573
0.00801923282063978 -0.1571266232289262
-0.08046577391515239 -0.10867333972278789
-0.5242305867789683 -0.22742504371352967
-0.45321209047755234 0.14868481090984956
1.3380153423720942 0.9808366139993527
-0.1443312532365476 0.36411309502258826
-0.5453404602227092 0.06048236015260278
0.403827257471632 0.3332854832370938
-0.20615301383408885 -0.1437936740943756
0.8490521657804073 -0.24559754718964016
0.5054579667818702 0.7540917886017441
0.8275625246583362 1.3877668397315068
0.9074689590079973 1.1933996590189866
1.2041756050343442 1.1351910444367512
0.3223503628709833 -0.5201619500305237
-0.12499541732798908 0.1259020312965831
1.0729740933496308 0.9004895656743416
1.7759112228571157 1.1410498262455202
-0.2804658958520913 -0.37552638537491656
0.632444715055638 1.3056334573178616
0.8976925918063579 1.6440851161017735
0.6746405786607621 1.596300020918455
-0.25568017972761853 -0.4722257108137387
-0.002965029502008431 -0.04640659074611511
1.3538747251710888 1.395239149851277
1.3176090583590532 0.9175399691387989
1.3450394481450938 1.234342345958146
0.0022259287085621892 -0.3427564037225113
0.28958038781478 0.4369243583719121
0.7073871076799013 1.1872191259643776
-0.34381782990187515 -0.16585788604923882
0.9017822490367342 1.1433046515307932
-0.185077185790599 -0.16230015404319081
1.0932280082580714 1.0609611637736567
0.7420280036913944 -0.27204474095768677
0.04011447805126067 0.12611519942198818
-0.016417432551837016 0.1966115758044831
-0.38971059986127005 0.01311054899397043
0.9773560797582402 1.098897857941943
0.9509443991821995 0.848048520511462
0.4156036722411836 0.5685181211713326
1.151685045602742 1.2061952575564594
0.2715640899553385 0.3284088750201601
-0.01011316478897373 -0.14883043441555743
0.3115926001774396 0.14485652724379822
0.16357248290278847 -0.18852858920685014
1.865472127193582 1.17035051101068
0.1716152352469166 0.39716719070467454
1.1744622513173215 1.1776399890644715
-0.16096860901142454 -0.07219126064122032
1.4047047641587314 1.2142053717695487
1.0689934531941363 0.047107804863430386
0.226673199327678 0.0857071802923914
0.2625857145158105 1.4510475327899388
1.7017111141681127 1.1315121902954317
0.9496914870868265 1.1442044833764364
1.2539100961866303 1.3088685195862688
-0.10934323250593876 0.013651440116539565
1.4090737368393422 1.0126441930756218
1.0015133617570349 1.2173965575248593
-0.45822002778039617 -0.09018704306683518
-0.28580497966100116 -0.27309016970258676
0.7781346512377434 0.8590672112813511
1.109746136041915 0.6676414908393158
0.1606337793761468 0.05023948681413022
1.2711288541978354 1.2855279969885276
-0.08558159013197503 0.10419190067693947
-0.5895846055939191 -0.3708290035458948
0.9752721527468147 1.0283799820882107
0.06469869997838601 0.05793230216046415
1.808593067808268 1.534015934614388
0.20696066215214853 0.3102333800694196
1.0102908522905147 1.6650247183595739
0.12746319743318946 0.15029515316812292
1.5850096243372875 0.9231515203318065
0.6030538516941426 0.0908967104620863
1.1837940918128629 1.2417573782963427
-0.2232505944796688 0.23662832212215068
0.10094573723432339 -0.4797587536457294
1.7286614634200528 0.8545137844285684
0.6168018331420836 0.2688657685292544
1.237789835502698 1.193846670004126
1.2492940783010869 1.1792262946619174
0.9777708271403927 1.389850309966755
0.11322857797549803 -0.3824100387407752
0.5991551981850656 1.2699659530974237
1.5037533394535818 0.7173072315452483
0.2647717746298832 0.2647084474640573
1.6956075446427712 1.3710135811738908
0.10270323950236183 0.1848119982642925
0.6755988204887289 0.038665368654605826
1.1767608662636557 0.8422451307158199
-0.35549854396847197 -0.014680812073243649
0.9594417934341744 1.237019074708039
1.030911797772037 0.9997699387235152
0.22610358590258733 0.30015034697688886
1.0537352486717908 0.7818595537004874
0.03898739812409746 -0.03137086144729206
1.1543425497258974 1.116977342221944
1.1065298636336933 0.8153911596990583
1.0449654704702485 1.3959198052642263
-0.003743089111922714 0.19809464291915657
0.060267020221906206 0.48761512252500383
1.6414238051500853 1.32553956898306
-0.5233753897042702 -0.15407744655273742
1.2467057333549687 1.458449777304687
0.6809855504743447 0.10522178012266889
-0.1073464847582355 -0.2263213665522429
1.1724012252739364 0.9056420572605487
1.3083859220379324 1.5301765780719694
0.12752088231549152 -0.1977391067796051
1.4411616850316118 1.2546734273996272
0.19329682713203514 -0.297525801911973
1.2020611502735645 2.0675481952765176
1.1979056482040669 1.336662203838009
0.2303957017217845 -0.15846672948075857
0.014859716315224149 0.048731705441026764
1.3469609899389334 1.1187131540158535
1.4782386444069502 0.8693288976557677
0.20524539571229308 -0.10151361083877408
1.740611102708172 0.7386954728529844
0.8992545579947373 1.303605791055064
0.35749718993642354 -0.3722399361012934
0.6753394732727453 1.0153234026295745
-0.17782775047235536 0.15484607677686232
-0.10542494040781797 -0.19740233484629616
1.3801538887838865 0.36082257811003404
0.22736050435645275 0.13403525496466945
1.5937598332444751 0.8915101117349128
0.0025436815418228747 0.042686775991583915
0.19260137090992316 -0.04624915966689931
1.5537737967275316 1.6045162306903116
-0.5224334107043263 -0.6520071009596986
1.00645937606712 1.0391324854736876
1.2559608070661028 1.5929266465083562
0.33097755577454746 1.1017117206151332
1.2607504961030314 1.4799324814919546
-0.23960578163559526 -0.24507639059845338
0.7795109166893093 0.9015405629471531
-0.1790028497141547 0.41199696875370817
1.5412047235879311 1.3272246015716538
0.8612147173031899 0.4229867219154738
1.4137310096350735 1.0026010151726998
0.728168049654841 1.267896324660589
0.7556782575020093 -0.22699883881423594
1.2298083119677925 1.090084455380338
0.9017894032507298 1.2479548296168894
1.1409661559325093 0.6853277982078776
-0.21479501473999568 -0.33242127180357406
-0.049329254556885506 0.09761138632730554
0.048901731365994135 0.420201251305979
1.038335825760721 0.4886706278554893
