-0.22848873527851266 0.1258143546155865
0.8015612587460669 0.32167698047915194
1.6151483193090521 1.2348510174404432
1.2503593042186947 0.9684434460251197
0.08062863885093027 -0.16840138020136053
0.0008768232236426924 0.38190611293939636
0.004912796647544007 -0.024637345508344802
0.613077537315218 1.0477259860230848
-0.27130662986158427 0.41762441830006036
1.094752560378962 1.1873167430241165
-0.0480764550629865 -0.4225279453860382
-0.5082295254846535 0.3825227796549767
0.8271708337631218 0.8431539202047034
1.6367233386374656 1.295541075602025
0.9055354467628153 1.5443728261206684
1.1561012972505702 1.4638013876513853
-0.2875109609148468 0.14333829728036074
0.17717242991737142 0.6508183422924887
1.3060655791883886 1.2988669831939668
0.9396499946933925 1.202049973590361
1.4618690054349894 1.6002730634027538
-0.25937938311309994 0.7629063041145697
0.34447403379385816 0.09234147250346832
1.2389946678456714 0.9115589562111277
0.417511243335032 0.3199452471686156
1.4654835605598635 1.624786265048713
0.9866470827286331 1.175048514318915
0.37545543671796455 0.44593053141087136
0.9205156762035652 0.7942447159103332
-0.011620867913865452 -0.1259820634483982
-0.25382985196518937 -0.3311461430705248
-0.18629455334911516 -0.2028568969692626
0.34502620740155054 0.08229893195311515
1.2239734117191405 1.4501350491506968
-0.20618693660306786 0.1997853618665334
-0.0646770508719982 -0.5826528283535338
1.4417917962160265 0.9240863098862144
1.0767775416543437 0.8850556759669721
0.6573299919009519 0.963101239560801
0.4276468327542371 1.530840447501157
0.2298110315633948 -0.09027600918087997
0.7467816108900728 1.201909292837054
0.9594180724397793 1.1846939023006748
1.4840593211661823 0.8334148184495078
1.9575142406357484 1.409325481771989
-0.3504933240686333 -0.6247867915920365
1.7248955477567622 1.3340857740828609
0.016546395688631865 -0.2822014706934016
1.3256604459169592 1.0232940617659674
1.2562370217483325 0.9455605528365486
-0.37341302083101185 0.12120498096266986
0.558003674972125 0.6407515167470823
0.6655000522988135 1.1997257160026165
1.5198109320947033 1.5964084086384422
0.6656034249813965 1.6380777713007961
0.08630278618137667 -0.19398405251771883
0.641144178642219 -0.08580825986681953
0.12429537867259967 0.09434163743828464
0.4800439200773855 -0.1244801054626783
1.4238855391825127 0.6496770707338687
1.5154293437780324 0.942346253927372
1.094644827978832 1.157693171590571
0.07535769661824385 -0.3358717300828618
0.19278706294770265 -0.1998719187177004
-0.3761991923924313 -0.5754184962193417
-0.588263729003078 -0.10057334226789007
0.9057979782024586 1.2227141649708555
1.0838782876694266 1.175885129020118
0.1613028185641412 -0.4300170616481636
0.0957206146516538 -0.2455985637266578
1.242116632146884 1.343620811913194
0.25175730587121514 0.16333852284968675
-0.115942134196898 -0.19503305247272232
-0.08922837165622416 -0.264896247582559
-0.29366869606427737 -0.32153422511426666
1.1959339756520873 0.8944425257782016
1.0792478579295055 0.9567298746210038
-0.34454386191518227 -0.16176293620874463
0.9545592166945589 1.2339662737500554
0.227995060682387 -0.46151962641968713
-0.1669396505303439 0.41044309982241267
1.5555368313053197 0.6897844320299632
1.1270532019593804 1.413568339493847
-0.2607680048062355 0.364496303336752
0.6312703615441878 1.1519336687634758
-0.3447693375949266 -0.06113012915999694
1.2519658139078178 1.231062298135608
0.061043353623245616 -0.8953463924086444
1.344221382093435 1.0356066653698406
0.14740673937902837 -0.005800565747469396
-0.4672029725432906 0.3743315806515144
-0.2398526889236983 -0.4620875270096628
0.5214075630419159 -0.1613395141331127
0.9772104941705195 1.1334033527029148
1.7393681100852425 0.761551034366859
1.0585643920306709 1.727950366005438
0.5392989187479509 1.1042278645781
0.2913756571824068 -0.2162051812309656
-0.07419641991308695 0.4463843217600878
1.1578248057666642 0.902093805972995
