1.4543010752688175 1.1628063484941955
1.852150537634409 1.1932509193459226
2.2123655913978495 1.0442327567558907
2.0430107526881724 0.9192497816803802
1.5161290322580645 0.8215066857879938
1.2553763440860215 0.9977647275611496
1.231182795698925 1.1403735068139758
1.521505376344086 1.2958010527412132
2.080645161290323 1.2301048735348552
1.7123655913978495 1.029811644247178
1.4005376344086025 1.076279673441919
1.9408602150537635 1.0730749817733163
1.610215053763441 0.8775887899885433
1.852150537634409 0.8102902649478838
1.8145161290322585 1.2701635193923906
2.1720430107526885 1.1660110401627986
1.6586021505376345 1.1099289359622488
1.341397849462366 0.8984192858344617
1.241935483870968 1.2861869777354047
1.731182795698925 0.9288638566861886
2.209677419354839 0.8519512566397207
1.970430107526882 0.7558105065816356
2.370967741935484 1.0089811484012596
2.591397849462366 1.0538468317616991
2.723118279569893 1.1403735068139758
3.037634408602151 1.2269001818662524
3.35752688172043 1.1403735068139758
3.559139784946237 0.9032263233373661
3.14247311827957 0.7429917399072243
2.849462365591398 0.7125471690554974
2.720430107526882 0.9256591650175858
2.8467741935483875 1.1019172067907417
3.258064516129033 1.0250046067442737
3.311827956989248 0.7862550774333625
2.9220430107526885 0.853553602474022
2.9112903225806455 1.007378802566958
3.252688172043011 0.8695770608170363
2.983870967741936 1.087496094282029
3.268817204301076 1.1676133859970999
3.510752688172043 0.9609107733722171
3.040322580645162 0.9176474358460789
3.456989247311828 0.7654245815874441
