0.6281362007168458 1.2268425580728421
0.6254480286738351 1.0662460567823344
0.7060931899641578 0.9957802449916016
0.7267025089605736 1.1563767462821093
0.6899641577060933 1.3612192224179607
0.5340501792114696 1.254701134827318
0.5331541218637994 0.9793928469007336
0.6801075268817205 0.8794297185464379
0.5609318996415771 1.133434388954894
0.6344086021505377 0.9564504895735182
0.7087813620071686 1.0941046335368103
0.6541218637992832 1.139989348191241
0.6021505376344085 1.1498217870457619
0.5797491039426523 1.2776434921545332
0.6801075268817205 1.307140808718096
0.6765232974910393 1.2071776803638004
0.6765232974910393 1.1875128026547586
0.6774193548387097 1.123601950100373
0.6792114695340503 1.05313613830964
0.6818996415770611 1.0056126838461226
0.6845878136200718 0.9564504895735182
0.6863799283154122 0.9384243516735631
0.6863799283154122 0.9351468720553895
0.685483870967742 0.9351468720553895
0.685483870967742 0.9367856118644764
0.685483870967742 0.9384243516735631
0.685483870967742 0.9433405711008236
0.6845878136200718 0.9433405711008236
0.6827956989247312 0.9433405711008236
0.6810035842293907 0.9433405711008236
0.5331541218637994 1.0056126838461226
0.5546594982078854 1.0056126838461226
0.5931899641577061 1.0351100004096851
0.5869175627240144 1.0416649596460323
0.5663082437275986 1.0514973985005531
0.5349462365591398 1.1170469908640257
0.5367383512544803 1.1776803638002378
0.6146953405017921 1.244868695972797
0.5555555555555556 1.2333975173091893
0.6129032258064515 1.2317587775001027
0.6290322580645162 1.2071776803638004
0.6290322580645162 1.1154082510549388
0.6720430107526882 1.0695235364005082
0.6559139784946237 1.000696464418862
0.6272401433691757 1.0121676430824698
0.6021505376344085 0.9613667090007785
0.5905017921146953 1.0695235364005082
0.5842293906810037 1.113769511245852
0.5788530465949822 1.218648859027408
0.6245519713261649 1.194067761891106
0.6478494623655915 1.2301200376910157
0.6397849462365592 1.271088532918186
0.7195340501792116 1.280920971772707
0.7105734767025089 1.192429022082019
0.7105734767025089 1.192429022082019
0.717741935483871 1.05313613830964
0.7159498207885304 1.0236388217460775
0.6308243727598566 1.0514973985005531
0.6335125448028673 1.1350731287639806
0.6559139784946237 1.097382113154984
0.6586021505376345 1.0891884141095498
0.6621863799283154 1.0695235364005082
0.6594982078853047 1.0629685771641608
0.5940860215053763 1.0826334548732026
0.5896057347670252 1.0908271539186367
0.5869175627240144 1.0957433733458972
0.575268817204301 1.1957065017001927
0.5734767025089607 1.2120938997910609
0.5734767025089607 1.2399524765455365
0.6173835125448028 1.184235323036585
0.6227598566308243 1.1809578434184114
0.6433691756272402 1.1744028841820642
0.6792114695340503 1.1416280880003278
0.6935483870967742 1.1285181695276334
0.7007168458781363 1.123601950100373
0.7016129032258065 1.123601950100373
0.6496415770609318 0.9875865459461675
0.6155913978494623 0.8204350854193128
0.5707885304659499 0.8646810602646566
0.5698924731182795 0.8712360195010038
0.5474910394265233 0.9040108156827402
0.60752688172043 0.913843254537261
0.6550179211469533 0.8663198000737433
0.5698924731182795 0.8400999631283543
0.5985663082437276 0.8794297185464379
0.6415770609318996 0.8974558564463928
0.5448028673835126 0.9040108156827402
0.5510752688172043 0.9711991478552995
0.5958781362007168 0.9269531730099554
0.5976702508960574 0.9777541070916467
0.5725806451612903 0.9384243516735631
0.5788530465949822 0.9761153672825598
0.5636200716845878 1.0203613421279039
0.5833333333333333 1.1416280880003278
0.5940860215053763 1.1285181695276334
0.6012544802867383 1.0875496743004631
0.6415770609318996 1.0088901634642962
0.6675627240143369 1.0400262198369454
0.6397849462365592 1.0514973985005531
0.6415770609318996 1.05313613830964
0.6155913978494623 1.0105289032733829
0.6370967741935485 0.9711991478552995
0.7087813620071686 1.1268794297185465
0.706989247311828 1.113769511245852
0.6998207885304659 1.0924658937277236
0.620967741935484 1.1121307714367652
0.5985663082437276 1.0744397558277685
0.6415770609318996 0.8794297185464379
0.7535842293906811 1.1498217870457619
0.7965949820788532 1.1612929657093696
0.8297491039426523 1.1498217870457619
0.8467741935483872 1.1416280880003278
0.8584229390681004 1.1432668278094147
0.8951612903225807 1.1465443074275883
0.9229390681003584 1.139989348191241
0.9283154121863799 1.1350731287639806
0.9283154121863799 1.131795649145807
0.9301075268817205 1.131795649145807
1.0528673835125448 1.2530623950182311
1.039426523297491 1.2415912163546234
1.0358422939068102 1.2333975173091893
1.0197132616487457 1.1973452415092796
1.0152329749103943 1.184235323036585
1.0152329749103943 1.1760416239911509
1.0241935483870968 1.16620918513663
1.0331541218637994 1.1498217870457619
1.0403225806451613 1.1268794297185465
1.0448028673835126 1.1006595927731575
1.049283154121864 1.0875496743004631
1.0573476702508962 1.0695235364005082
1.07078853046595 1.0367487402187718
1.0743727598566308 1.0220000819369905
1.077956989247312 1.018722602318817
1.0860215053763442 1.0138063828915564
1.099462365591398 1.0056126838461226
1.1075268817204302 1.0056126838461226
1.1173835125448028 1.0088901634642962
1.131720430107527 1.0088901634642962
1.146057347670251 1.0088901634642962
1.153225806451613 1.0072514236552093
1.160394265232975 1.0154451227006434
1.163978494623656 1.0203613421279039
1.1648745519713262 1.0220000819369905
1.1666666666666667 1.0252775615551641
1.1666666666666667 1.0351100004096851
1.1666666666666667 1.0383874800278587
1.1666666666666667 1.0433036994551192
1.1666666666666667 1.0482199188823795
1.1657706093189966 1.0613298373550741
1.1648745519713262 1.0678847965914213
1.1648745519713262 1.0728010160186818
1.1648745519713262 1.0744397558277685
1.1630824372759858 1.0777172354459421
1.1630824372759858 1.0826334548732026
1.1612903225806452 1.0859109344913762
1.160394265232975 1.0990208529640708
1.1586021505376345 1.103937072391331
1.153225806451613 1.1203244704821993
1.1433691756272402 1.1514605268548488
1.1155913978494625 1.1957065017001927
1.1003584229390682 1.2137326396001475
1.0869175627240144 1.2268425580728421
1.081541218637993 1.2350362571182762
1.0752688172043012 1.2432299561637103
1.0725806451612905 1.244868695972797
1.07168458781362 1.2481461755909706
1.0698924731182797 1.2481461755909706
1.0627240143369177 1.2514236552091442
1.0528673835125448 1.2563398746364047
1.0465949820788532 1.2579786144454916
1.0456989247311828 1.2579786144454916
1.0421146953405018 1.2383137367364498
1.0456989247311828 1.220287598836495
1.0528673835125448 1.1711254045638906
1.0591397849462367 1.1481830472366752
1.0591397849462367 1.1449055676185016
1.060035842293907 1.1416280880003278
1.0645161290322582 1.1350731287639806
1.067204301075269 1.131795649145807
1.067204301075269 1.1285181695276334
1.0806451612903227 1.1154082510549388
1.092293906810036 1.1022983325822444
1.1048387096774195 1.0924658937277236
1.114695340501792 1.079355975255029
1.120967741935484 1.071162276209595
1.1236559139784947 1.0695235364005082
1.124551971326165 1.0728010160186818
1.131720430107527 1.0859109344913762
1.136200716845878 1.0908271539186367
1.1433691756272402 1.0941046335368103
1.1451612903225807 1.0941046335368103
1.146057347670251 1.0957433733458972
1.146057347670251 1.1006595927731575
1.1415770609318998 1.1432668278094147
1.1370967741935485 1.16620918513663
1.1326164874551972 1.1776803638002378
1.1299283154121864 1.1793191036093245
1.1218637992831542 1.1858740628456719
1.110215053763441 1.1907902822729322
1.0913978494623657 1.192429022082019
1.0788530465949822 1.192429022082019
1.0654121863799284 1.1957065017001927
1.0573476702508962 1.2006227211274532
1.0439068100358424 1.2120938997910609
1.039426523297491 1.2170101192183211
1.038530465949821 1.2137326396001475
1.038530465949821 1.210455159981974
1.077956989247312 1.1104920316276785
1.081541218637993 1.1006595927731575
1.093189964157706 1.079355975255029
1.0958781362007168 1.0744397558277685
1.0958781362007168 1.0826334548732026
1.0958781362007168 1.0908271539186367
1.1003584229390682 1.0957433733458972
1.1066308243727598 1.0957433733458972
1.110215053763441 1.1006595927731575
1.1236559139784947 1.107214552009505
1.138888888888889 1.1088532918185916
1.1433691756272402 1.1088532918185916
1.1451612903225807 1.1088532918185916
1.088709677419355 1.1350731287639806
1.0860215053763442 1.1186857306731126
1.081541218637993 1.0826334548732026
1.081541218637993 1.0482199188823795
1.081541218637993 1.0400262198369454
1.0860215053763442 1.0400262198369454
1.093189964157706 1.0367487402187718
1.0958781362007168 1.0367487402187718
1.146057347670251 1.0301937809824246
1.1084229390681004 1.0416649596460323
1.0985663082437276 1.0482199188823795
1.0788530465949822 1.0695235364005082
1.0582437275985663 1.0957433733458972
1.0537634408602152 1.1006595927731575
1.0510752688172043 1.1006595927731575
1.0510752688172043 1.103937072391331
1.0456989247311828 1.1022983325822444
1.0268817204301075 1.1907902822729322
1.0349462365591398 1.1907902822729322
1.0573476702508962 1.1907902822729322
1.07078853046595 1.1907902822729322
1.0761648745519714 1.1907902822729322
1.077956989247312 1.1907902822729322
1.077956989247312 1.1907902822729322
1.0806451612903227 1.1891515424638455
1.0878136200716846 1.1809578434184114
1.092293906810036 1.1793191036093245
1.1379928315412187 1.105575812200418
1.0869175627240144 1.2268425580728421
1.088709677419355 1.220287598836495
1.0976702508960574 1.1973452415092796
1.1066308243727598 1.184235323036585
1.1093189964157706 1.1760416239911509
1.1120071684587813 1.1760416239911509
1.1173835125448028 1.1711254045638906
1.1218637992831542 1.16620918513663
1.124551971326165 1.1629317055184565
1.1263440860215055 1.1612929657093696
1.125448028673835 1.1481830472366752
1.149641577060932 1.000696464418862
1.1290322580645162 1.0678847965914213
1.1729390681003584 1.0760784956368554
1.0940860215053765 1.1203244704821993
1.0958781362007168 1.1268794297185465
1.103046594982079 1.1154082510549388
1.1290322580645162 1.0318325207915116
0.9614695340501793 1.1285181695276334
0.9928315412186381 1.1104920316276785
1.0913978494623657 0.9351468720553895
1.0770609318996416 0.8220738252283994
1.0743727598566308 0.8171576058011392
1.067204301075269 0.8040476873284446
1.060931899641577 0.7958539882830105
1.060035842293907 0.7958539882830105
1.0555555555555556 0.7876602892375764
1.1120071684587813 0.9269531730099554
1.0967741935483872 0.8646810602646566
1.043010752688172 0.7811053300012292
0.9596774193548387 0.7729116309557951
0.9534050179211471 0.7729116309557951
0.9426523297491041 0.7696341513376215
0.9390681003584229 0.7679954115285348
0.9381720430107527 0.7679954115285348
0.9363799283154122 0.7679954115285348
0.9336917562724014 0.7548854930558402
0.9292114695340503 0.7155557376377566
0.9265232974910396 0.6811422016469335
0.924731182795699 0.6729485026014996
0.924731182795699 0.6680322831742391
0.924731182795699 0.6647548035560655
0.924731182795699 0.6631160637469786
0.9327956989247312 0.6549223647015445
0.9417562724014337 0.6385349666106765
0.9516129032258065 0.6172313490925478
0.956989247311828 0.6073989102380271
0.9632616487455197 0.5975664713835063
0.9686379928315412 0.5942889917653325
0.9775985663082438 0.5860952927198986
0.9919354838709677 0.572985374247204
1.0017921146953406 0.5647916752017699
1.0044802867383513 0.5647916752017699
1.006272401433692 0.5647916752017699
1.0116487455197134 0.5713466344381171
1.0188172043010753 0.5795403334835512
1.021505376344086 0.5844565529108117
1.0232974910394266 0.5893727723380722
1.027777777777778 0.5959277315744194
1.0313620071684588 0.6090376500471137
1.0331541218637994 0.6221475685198083
1.0349462365591398 0.6270637879470689
1.0349462365591398 0.6287025277561555
1.0358422939068102 0.635257486992503
1.0376344086021505 0.6418124462288501
1.0376344086021505 0.6483674054651973
1.0376344086021505 0.6500061452742842
1.032258064516129 0.6532836248924578
1.0268817204301075 0.6549223647015445
1.021505376344086 0.6663935433651522
1.017025089605735 0.6762259822196732
1.0143369175627241 0.6795034618378468
1.0098566308243728 0.6876971608832809
1.0 0.7139169978286699
0.9838709677419355 0.7581629726740138
0.9767025089605736 0.7712728911467084
0.9749103942652331 0.7761891105739687
0.9740143369175629 0.7761891105739687
0.9740143369175629 0.774550370764882
0.9740143369175629 0.7729116309557951
0.9758064516129032 0.7729116309557951
0.9758064516129032 0.7696341513376215
0.9758064516129032 0.7679954115285348
0.9722222222222223 0.748330533819493
0.9713261648745521 0.7434143143922325
0.9695340501792116 0.7352206153467984
0.967741935483871 0.7352206153467984
0.9650537634408602 0.7352206153467984
0.9641577060931901 0.7352206153467984
0.956989247311828 0.7204719570650171
0.9551971326164874 0.7073620385923225
0.956989247311828 0.6893359006923676
0.9632616487455197 0.6516448850833709
0.9632616487455197 0.6385349666106765
0.9632616487455197 0.6368962268015896
0.9641577060931901 0.6368962268015896
0.9659498207885304 0.6368962268015896
0.9713261648745521 0.6303412675652424
0.9740143369175629 0.6303412675652424
0.9775985663082438 0.6287025277561555
0.9874551971326166 0.6237863083288953
0.9928315412186381 0.6172313490925478
0.9955197132616489 0.6172313490925478
1.0017921146953406 0.6172313490925478
1.007168458781362 0.6188700889016348
1.017025089605735 0.6221475685198083
1.021505376344086 0.6237863083288953
1.0259856630824373 0.6237863083288953
1.027777777777778 0.6237863083288953
1.027777777777778 0.6270637879470689
1.0304659498207887 0.6319800073743291
1.0304659498207887 0.6418124462288501
1.028673835125448 0.6500061452742842
1.0224014336917564 0.6581998443197181
1.0197132616487457 0.6614773239378919
1.0026881720430108 0.6811422016469335
0.9937275985663083 0.6893359006923676
0.989247311827957 0.6926133803105412
0.9883512544802868 0.6975295997378017
0.9865591397849462 0.6975295997378017
0.9793906810035844 0.7073620385923225
0.9740143369175629 0.7155557376377566
0.9713261648745521 0.7188332172559304
0.9695340501792116 0.7237494366831907
0.967741935483871 0.7237494366831907
0.967741935483871 0.7204719570650171
0.9157706093189966 0.7073620385923225
0.9883512544802868 0.6516448850833709
0.9363799283154122 0.5352943586382073
0.9050179211469536 0.5533204965381622
0.8862007168458781 0.6106763898562007
0.9811827956989247 0.6041214306198535
1.0331541218637994 0.5336556188291204
0.9560931899641578 0.5385718382563809
0.9059139784946237 0.6418124462288501
0.9372759856630826 0.572985374247204
0.9121863799283154 0.6057601704289401
0.9525089605734767 0.6188700889016348
0.9811827956989247 0.6205088287107214
1.0645161290322582 0.7204719570650171
1.0026881720430108 0.6631160637469786
0.9480286738351256 0.7548854930558402
0.9283154121863799 0.6123151296652876
0.9274193548387097 0.6401737064197632
0.9399641577060933 0.599205211192593
0.9811827956989247 0.6090376500471137
1.0098566308243728 0.5942889917653325
0.9991039426523298 0.6549223647015445
0.9525089605734767 0.6745872424105863
0.9901433691756274 0.6729485026014996
0.9292114695340503 0.7598017124831007
0.9238351254480288 0.7024458191650622
0.9310035842293907 0.6827809414560204
0.9444444444444444 0.7188332172559304
0.8933691756272402 0.7024458191650622
0.9256272401433692 0.6123151296652876
0.9211469534050181 0.5975664713835063
0.9175627240143369 0.6024826908107666
0.9283154121863799 0.5713466344381171
0.8870967741935485 0.6368962268015896
0.8853046594982079 0.6303412675652424
0.8853046594982079 0.6254250481379819
0.8996415770609321 0.5811790732926381
0.9775985663082438 0.5680691548199435
0.9883512544802868 0.5385718382563809
1.0573476702508962 0.5369330984472942
1.038530465949821 0.5844565529108117
1.0403225806451613 0.5844565529108117
1.0358422939068102 0.5877340325289853
1.0241935483870968 0.6893359006923676
1.0152329749103943 0.7499692736285797
1.0143369175627241 0.7499692736285797
0.9650537634408602 0.7581629726740138
0.8772401433691757 0.686058421074194
0.8664874551971327 0.6467286656561104
0.8620071684587813 0.6467286656561104
0.8422939068100359 0.6418124462288501
0.8216845878136201 0.6368962268015896
0.8046594982078854 0.6303412675652424
0.7849462365591398 0.6319800073743291
0.7616487455197134 0.6319800073743291
0.7589605734767026 0.6319800073743291
0.7571684587813621 0.6319800073743291
0.6774193548387097 0.6778647220287599
0.6711469534050178 0.6762259822196732
0.6541218637992832 0.6631160637469786
0.6254480286738351 0.633618747183416
0.5949820788530467 0.6155926092834612
0.575268817204301 0.6106763898562007
0.5663082437275986 0.6041214306198535
0.5591397849462365 0.5910115121471589
0.5582437275985663 0.5844565529108117
0.5582437275985663 0.572985374247204
0.5600358422939069 0.5549592363472491
0.564516129032258 0.5123520013109919
0.5716845878136201 0.4762997255110821
0.5797491039426523 0.4533573681838667
0.5869175627240144 0.4336924904748249
0.6102150537634408 0.41566635257487
0.631720430107527 0.3927239952476546
0.6433691756272402 0.3763365971567865
0.6559139784946237 0.36322667868409203
0.6657706093189963 0.34847802040231074
0.6818996415770611 0.32881314269326894
0.6872759856630826 0.32389692326600855
0.6980286738351256 0.32389692326600855
0.7159498207885304 0.32717440288418215
0.7320788530465951 0.33045188250235574
0.7437275985663083 0.33536810192961625
0.7517921146953406 0.34356180097505024
0.7652329749103943 0.36486541849317883
0.7795698924731183 0.3828915563931337
0.7894265232974911 0.3992789544840019
0.8019713261648747 0.4173050923839568
0.8082437275985663 0.4254987914293909
0.8091397849462367 0.4271375312384777
0.8091397849462367 0.4304150108566513
0.8046594982078854 0.4353312302839118
0.7948028673835126 0.4664672866565612
0.7858422939068102 0.49596460322012376
0.7804659498207887 0.5107132615019052
0.7616487455197134 0.5320168790200337
0.7526881720430108 0.5451267974927281
0.7473118279569892 0.5565979761563358
0.7455197132616489 0.5582367159654227
0.7446236559139785 0.5582367159654227
0.7446236559139785 0.5615141955835963
0.7428315412186381 0.5615141955835963
0.7428315412186381 0.5631529353926832
0.7419354838709677 0.5664304150108568
0.7401433691756274 0.5697078946290304
0.7347670250896059 0.5844565529108117
0.7329749103942653 0.5926502519562458
0.7311827956989247 0.5959277315744194
0.7302867383512546 0.5959277315744194
0.728494623655914 0.6024826908107666
0.7213261648745521 0.6221475685198083
0.7168458781362008 0.635257486992503
0.7159498207885304 0.6401737064197632
0.7141577060931901 0.6401737064197632
0.7141577060931901 0.6418124462288501
0.7132616487455197 0.6418124462288501
0.7114695340501793 0.6418124462288501
0.7096774193548387 0.6418124462288501
0.7025089605734767 0.6418124462288501
0.6872759856630826 0.6303412675652424
0.6810035842293907 0.6254250481379819
0.6594982078853047 0.6106763898562007
0.6568100358422939 0.6024826908107666
0.6487455197132617 0.5844565529108117
0.6308243727598566 0.5598754557745096
0.6129032258064515 0.5418493178745545
0.6111111111111112 0.5385718382563809
0.6120071684587813 0.5320168790200337
0.6129032258064515 0.5254619197836865
0.6129032258064515 0.520545700356426
0.5654121863799284 0.5074357818837314
0.5842293906810037 0.5172682207382524
0.586021505376344 0.5172682207382524
0.5869175627240144 0.5156294809291655
0.5940860215053763 0.5074357818837314
0.6362007168458781 0.48613216436560297
0.6792114695340503 0.459912327420214
0.6980286738351256 0.4451636691384326
0.7051971326164874 0.4336924904748249
0.7132616487455197 0.4205825720021304
0.7204301075268817 0.4025564341021755
0.7249103942652331 0.3943627350567414
0.7275985663082438 0.389446515629481
0.7410394265232976 0.371420377729526
0.7589605734767026 0.35011676021139754
0.7697132616487457 0.34028432135687664
0.7750896057347672 0.33536810192961625
0.7768817204301075 0.33536810192961625
0.7777777777777779 0.33536810192961625
0.7777777777777779 0.34028432135687664
0.7741935483870968 0.36486541849317883
0.771505376344086 0.3796140767749601
0.7688172043010753 0.4009176942930887
0.7688172043010753 0.4254987914293909
0.7688172043010753 0.4402474497111722
0.7688172043010753 0.4435249293293458
0.7643369175627241 0.4566348478020403
0.7544802867383513 0.4844934245565162
0.7428315412186381 0.5369330984472942
0.7401433691756274 0.5631529353926832
0.7383512544802868 0.5746241140562909
0.7374551971326166 0.5762628538653776
0.7311827956989247 0.5828178131017248
0.7240143369175629 0.5828178131017248
0.7114695340501793 0.5779015936744645
0.6944444444444444 0.5762628538653776
0.6810035842293907 0.5762628538653776
0.6702508960573477 0.5844565529108117
0.6657706093189963 0.5844565529108117
0.6559139784946237 0.5713466344381171
0.6496415770609318 0.5549592363472491
0.6415770609318996 0.546765537301815
0.6299283154121864 0.5369330984472942
0.620967741935484 0.5320168790200337
0.6200716845878136 0.5238231799745996
0.6245519713261649 0.49924208283829746
0.631720430107527 0.468106026465648
0.6335125448028673 0.4533573681838667
0.6344086021505377 0.4533573681838667
0.6388888888888888 0.4468024089475194
0.6487455197132617 0.4287762710475645
0.6603942652329748 0.4025564341021755
0.6630824372759856 0.3976402146749151
0.6648745519713262 0.3943627350567414
0.6729390681003584 0.3927239952476546
0.6792114695340503 0.3878077758203942
0.6908602150537635 0.3812528165840469
0.7034050179211471 0.3763365971567865
0.7231182795698925 0.3763365971567865
0.7338709677419355 0.3796140767749601
0.7419354838709677 0.3910852554385678
0.7464157706093191 0.3960014748658282
0.7482078853046596 0.3992789544840019
0.7482078853046596 0.4009176942930887
0.7455197132616489 0.4123888729566964
0.7419354838709677 0.4254987914293909
0.7401433691756274 0.4320537506657381
0.7383512544802868 0.4320537506657381
0.7329749103942653 0.4451636691384326
0.7213261648745521 0.4615510672293008
0.706989247311828 0.49760334302921067
0.6989247311827957 0.5139907411200788
0.6953405017921148 0.5189069605473391
0.6944444444444444 0.5221844401655129
0.6917562724014337 0.5271006595927732
0.6845878136200718 0.5320168790200337
0.6774193548387097 0.5320168790200337
0.663978494623656 0.5320168790200337
0.6523297491039426 0.5352943586382073
0.6379928315412187 0.5451267974927281
0.6344086021505377 0.5484042771109019
0.6299283154121864 0.5500430169199886
0.6164874551971327 0.5582367159654227
0.6039426523297491 0.5762628538653776
0.596774193548387 0.5844565529108117
0.5949820788530467 0.5877340325289853
0.5940860215053763 0.5877340325289853
0.5940860215053763 0.5860952927198986
0.5940860215053763 0.5762628538653776
0.6003584229390682 0.5549592363472491
0.6012544802867383 0.5500430169199886
0.5994623655913978 0.546765537301815
0.5949820788530467 0.5385718382563809
0.5922939068100359 0.5320168790200337
0.5896057347670252 0.5287393994018601
0.5878136200716846 0.520545700356426
0.5869175627240144 0.5156294809291655
0.5869175627240144 0.5123520013109919
0.5869175627240144 0.5107132615019052
0.5887096774193548 0.49760334302921067
0.5905017921146953 0.48121594493834247
0.5913978494623655 0.47138350608382157
0.5931899641577061 0.4631898070383876
0.6003584229390682 0.4468024089475194
0.60752688172043 0.4205825720021304
0.6129032258064515 0.4074726535294359
0.6155913978494623 0.4058339137203491
0.6200716845878136 0.4058339137203491
0.6290322580645162 0.4058339137203491
0.6344086021505377 0.4058339137203491
0.6370967741935485 0.4058339137203491
0.6487455197132617 0.4189438321930436
0.6648745519713262 0.4254987914293909
0.6845878136200718 0.4304150108566513
0.6935483870967742 0.4304150108566513
0.696236559139785 0.4386087099020854
0.6989247311827957 0.4435249293293458
0.7034050179211471 0.4484411487566063
0.7034050179211471 0.4517186283747799
0.7051971326164874 0.4582735876111271
0.7051971326164874 0.46974476627473477
0.7051971326164874 0.4746609857019953
0.7043010752688172 0.5090745216928183
0.7060931899641578 0.6221475685198083
0.7043010752688172 0.7155557376377566
0.7043010752688172 0.7368593551558853
0.7043010752688172 0.7417755745831458
0.7043010752688172 0.738498094964972
0.7043010752688172 0.7286656561104512
0.7025089605734767 0.7090007784014094
0.6998207885304659 0.6942521201196281
0.6953405017921148 0.6827809414560204
0.6899641577060933 0.6647548035560655
0.6783154121863799 0.633618747183416
0.6738351254480286 0.6123151296652876
0.6729390681003584 0.6073989102380271
0.6702508960573477 0.6073989102380271
0.6684587813620071 0.6041214306198535
0.6666666666666667 0.6024826908107666
0.663978494623656 0.6024826908107666
0.6541218637992832 0.6057601704289401
0.6451612903225807 0.6090376500471137
0.6254480286738351 0.6106763898562007
0.6111111111111112 0.6106763898562007
0.5940860215053763 0.6024826908107666
0.5824372759856631 0.599205211192593
0.5797491039426523 0.599205211192593
0.5698924731182795 0.5910115121471589
0.5564516129032258 0.5860952927198986
0.553763440860215 0.5860952927198986
0.553763440860215 0.5844565529108117
0.5582437275985663 0.5811790732926381
0.5725806451612903 0.5647916752017699
0.5842293906810037 0.5369330984472942
0.5913978494623655 0.5156294809291655
0.6030465949820789 0.49760334302921067
0.6245519713261649 0.468106026465648
0.6487455197132617 0.4468024089475194
0.674731182795699 0.4287762710475645
0.6872759856630826 0.41566635257487
0.6935483870967742 0.4140276127657832
0.6944444444444444 0.4140276127657832
0.7034050179211471 0.4140276127657832
0.7087813620071686 0.4173050923839568
0.7132616487455197 0.4173050923839568
0.7159498207885304 0.4173050923839568
0.7267025089605736 0.4271375312384777
0.7374551971326166 0.4386087099020854
0.7517921146953406 0.4451636691384326
0.7732974910394266 0.4615510672293008
0.7840501792114696 0.47138350608382157
0.7894265232974911 0.47138350608382157
0.7885304659498209 0.47138350608382157
0.7849462365591398 0.47138350608382157
0.7786738351254481 0.47138350608382157
0.771505376344086 0.47138350608382157
0.7643369175627241 0.468106026465648
0.7401433691756274 0.48285468474742926
0.7168458781362008 0.5041583022655578
0.6998207885304659 0.5107132615019052
0.6926523297491041 0.5172682207382524
0.6881720430107527 0.5238231799745996
0.6845878136200718 0.5320168790200337
0.6845878136200718 0.5352943586382073
0.6845878136200718 0.5369330984472942
0.6872759856630826 0.5500430169199886
0.6890681003584229 0.5762628538653776
0.6935483870967742 0.6008439510016799
0.7051971326164874 0.6024826908107666
0.7105734767025089 0.6024826908107666
0.7105734767025089 0.599205211192593
0.7150537634408602 0.5516817567290755
0.7446236559139785 0.5123520013109919
0.6702508960573477 0.47957720512925567
0.6612903225806452 0.47957720512925567
0.6541218637992832 0.5139907411200788
0.6729390681003584 0.5025195624564711
0.6442652329749103 0.468106026465648
0.5716845878136201 0.48613216436560297
0.6836917562724014 0.34847802040231074
0.7293906810035844 0.34847802040231074
0.7132616487455197 0.4320537506657381
0.6568100358422939 0.46974476627473477
0.5851254480286738 0.5057970420746447
0.7204301075268817 0.5057970420746447
0.7186379928315412 0.5090745216928183
0.7249103942652331 0.48940964398377657
