0.5134408602150538 1.1419758526482773
0.53494623655914 1.1579993109912914
0.6559139784946237 1.2012626485174296
0.8360215053763442 1.2172861068604437
1.14247311827957 1.1772274610029083
1.381720430107527 1.0650632526018091
1.4650537634408605 0.9160450900117774
1.405913978494624 0.8022785357763766
1.196236559139785 0.7061377857182916
0.9516129032258065 0.6965237107124831
0.7715053763440862 0.7654245815874441
0.6021505376344087 0.9528990442007099
0.5967741935483872 1.1035195526250432
0.8010752688172045 1.2317072193691565
1.188172043010753 1.2381166027063621
1.4301075268817205 1.164408694328497
1.553763440860215 1.049039794258795
1.470430107526882 0.8791911358228448
1.2446236559139785 0.7894597691019654
0.8467741935483872 0.7878574232676641
0.5860215053763442 0.8888052108286533
0.42204301075268824 1.0730749817733163
0.5188172043010753 1.175625115168607
0.9193548387096775 1.2188884526947452
1.228494623655914 1.164408694328497
1.403225806451613 1.0586538692646035
1.416666666666667 0.8904075566629548
1.123655913978495 0.7830503857647597
0.795698924731183 0.8936122483315576
0.7123655913978495 1.0890984401163304
0.9516129032258065 1.1547946193226886
1.1720430107526885 1.1163383192994545
1.306451612903226 1.002571765064054
1.2231182795698925 0.8150973024507882
1.0080645161290325 0.7285706273985115
0.674731182795699 0.7365823565700187
0.4946236559139785 0.8343254524624051
0.45430107526881724 0.9448873150292028
0.7043010752688172 1.021799915075671
1.0161290322580647 0.9641154650408199
1.134408602150538 0.8727817524856392
1.1048387096774195 0.7830503857647597
0.9543010752688172 0.7814480399304584
0.7580645161290325 0.8631676774798307
0.6451612903225807 0.9961623817268481
0.7365591397849462 1.0314139900814794
0.9946236559139787 0.9753318858809299
1.102150537634409 0.8727817524856392
1.0161290322580647 0.7510034690787313
0.795698924731183 0.7317753190671143
0.5134408602150538 0.8423371816339122
0.44354838709677424 0.9577060817036143
0.6612903225806452 1.037823373418685
0.9193548387096775 1.0009694192297525
1.0000000000000002 0.9208521275146817
0.9327956989247312 0.8904075566629548
0.6505376344086022 0.9833436150524368
0.5645161290322582 1.1275547401395645
0.7258064516129032 1.1932509193459226
0.7258064516129032 1.1932509193459226
0.728494623655914 1.2092743776889368
0.7338709677419355 1.2317072193691565
0.8360215053763442 1.2285025277005537
1.0000000000000002 1.1419758526482773
1.077956989247312 1.0201975692413694
1.0188172043010755 0.9384779316919971
0.7715053763440862 0.8920099024972561
0.5376344086021507 0.9400802775262986
0.38440860215053774 1.0506421400930963
0.577956989247312 1.137168815145373
0.9435483870967742 1.1355664693110714
1.2580645161290325 1.0778820192762204
1.4301075268817205 0.968922502543724
1.384408602150538 0.911238052508873
1.145161290322581 0.875986444154242
0.9327956989247312 0.9240568191832845
0.795698924731183 1.021799915075671
0.8763440860215055 1.1291570859738658
1.134408602150538 1.1355664693110714
1.424731182795699 1.026606952578575
1.489247311827957 0.9048286691716674
1.3198924731182795 0.795869152439171
0.946236559139785 0.8086879191135825
0.6236559139784947 0.9625131192065184
0.5483870967741937 1.1467828901511814
0.8198924731182797 1.2349119110377593
1.0806451612903225 1.1980579568488268
1.263440860215054 1.0714726359390148
1.2123655913978495 0.9545013900350114
0.946236559139785 0.9320685483547915
0.6935483870967742 1.018595223407068
0.5 1.2188884526947452
0.6048387096774195 1.3422690819359544
0.9435483870967742 1.3614972319475713
1.4005376344086025 1.2236954901976496
1.559139784946237 1.0698702901047135
1.5188172043010755 0.8872028649943517
1.282258064516129 0.8086879191135825
0.8897849462365592 0.8215066857879938
0.6801075268817205 0.9288638566861886
0.6129032258064517 1.095507823453536
0.7338709677419355 1.1788298068372098
0.9946236559139787 1.1676133859970999
1.134408602150538 1.0778820192762204
1.1397849462365595 0.9256591650175858
1.0376344086021505 0.8519512566397207
0.8037634408602152 0.8503489108054192
0.610215053763441 0.9448873150292028
0.49193548387096775 1.1275547401395645
0.6989247311827957 1.252537715215075
1.064516129032258 1.2236954901976496
1.2365591397849465 1.1227477026366601
1.2768817204301075 0.980138923383834
1.166666666666667 0.9160450900117774
0.967741935483871 0.9096357066745717
0.6720430107526882 1.0250046067442737
0.53494623655914 1.1964556110145255
0.6290322580645162 1.274970556895295
0.913978494623656 1.2589470985522806
1.0591397849462365 1.1612040026598942
1.0806451612903225 1.0057764567326568
0.903225806451613 0.9208521275146817
0.6370967741935485 0.9705248483780256
0.456989247311828 1.1115312817965504
0.446236559139785 1.3006080902441175
0.6989247311827957 1.3647019236161742
1.120967741935484 1.2845846319011034
1.3440860215053765 1.1051218984593445
1.341397849462366 0.9945600358925468
1.1827956989247315 0.9208521275146817
0.9946236559139787 0.9416826233605999
0.752688172043011 1.0650632526018091
0.6989247311827957 1.1884438818430183
0.8440860215053765 1.222093144363348
1.086021505376344 1.1612040026598942
1.3010752688172045 0.9897529983896425
1.3198924731182795 0.8663723691484335
1.1908602150537635 0.7670269274217456
0.9946236559139787 0.76061754408454
0.7446236559139785 0.8215066857879938
0.5161290322580645 0.9785365775495327
0.4838709677419355 1.090700785950632
0.6693548387096775 1.1547946193226886
0.8413978494623657 1.1211453568023588
0.956989247311828 1.010583494235561
0.924731182795699 0.9416826233605999
0.8145161290322582 0.9368755858576958
0.567204301075269 1.0442327567558907
0.44892473118279574 1.1724204235000042
0.5322580645161292 1.2733682110609934
0.7903225806451615 1.2461283318778693
1.1075268817204305 1.0923031317849332
1.2150537634408605 0.9545013900350114
1.209677419354839 0.8663723691484335
1.032258064516129 0.8343254524624051
0.8225806451612905 0.8984192858344617
0.6290322580645162 1.0169928775727666
0.6693548387096775 1.0778820192762204
0.8575268817204302 1.0538468317616991
1.077956989247312 0.9432849691949015
1.134408602150538 0.8487465649711179
1.096774193548387 0.8311207607938023
0.924731182795699 0.9032263233373661
0.7607526881720432 1.0570515234303022
0.75 1.1339641234767701
0.9059139784946237 1.1419758526482773
1.1370967741935485 1.1003148609564404
1.198924731182796 1.0746773276076176
1.188172043010753 1.0586538692646035
1.0618279569892475 1.0730749817733163
0.8467741935483872 1.1243500484709616
0.795698924731183 1.153192273488387
0.795698924731183 1.1596016568255927
0.795698924731183 1.1596016568255927
0.8440860215053765 1.1307594318081673
0.9838709677419357 1.018595223407068
1.086021505376344 0.8663723691484335
1.0833333333333335 0.8022785357763766
0.9381720430107527 0.7750386565932526
0.610215053763441 0.875986444154242
0.40591397849462374 1.0169928775727666
0.43279569892473124 1.175625115168607
0.6935483870967742 1.206069686020334
1.120967741935484 1.1003148609564404
1.317204301075269 0.9817412692181355
1.362903225806452 0.8663723691484335
1.239247311827957 0.8503489108054192
1.0107526881720432 0.922454473348983
0.706989247311828 1.1195430109680573
0.620967741935484 1.2701635193923906
0.7768817204301077 1.3582925402789685
1.0806451612903225 1.2589470985522806
1.241935483870968 1.0778820192762204
1.2258064516129035 0.9593084275379156
1.1048387096774195 0.9320685483547915
0.860215053763441 1.0506421400930963
0.7016129032258065 1.2733682110609934
0.849462365591398 1.4352051403254364
1.2016129032258065 1.4047605694737095
1.438172043010753 1.2493330235464721
1.4408602150537635 1.0923031317849332
1.252688172043011 1.002571765064054
1.0618279569892475 1.0121858400698625
0.838709677419355 1.1115312817965504
0.8225806451612905 1.2269001818662524
1.0080645161290325 1.274970556895295
1.352150537634409 1.2156837610261424
1.521505376344086 1.079484365110522
1.4758064516129035 0.9673201567094227
1.2983870967741935 0.9304662025204902
0.9811827956989247 0.9833436150524368
0.774193548387097 1.1147359734651532
0.8118279569892475 1.2301048735348552
1.0000000000000002 1.2733682110609934
1.206989247311828 1.2236954901976496
1.263440860215054 1.1339641234767701
1.1827956989247315 1.0201975692413694
0.9596774193548387 0.9817412692181355
0.774193548387097 1.0314139900814794
0.6021505376344087 1.1724204235000042
0.6989247311827957 1.3086198194156247
0.9408602150537635 1.3278479694272416
1.2365591397849465 1.2124790693575396
1.3360215053763445 1.026606952578575
1.282258064516129 0.9208521275146817
1.0833333333333335 0.8807934816571461
0.8252688172043012 0.980138923383834
0.64247311827957 1.1676133859970999
0.6908602150537635 1.3118245110842275
0.9623655913978495 1.2845846319011034
1.1935483870967745 1.1051218984593445
1.2446236559139785 0.9368755858576958
1.153225806451613 0.8663723691484335
0.9811827956989247 0.8968169400001604
0.7822580645161292 1.0057764567326568
0.8870967741935485 0.7670269274217456
0.8467741935483872 0.7830503857647597
0.7580645161290325 0.8423371816339122
0.6451612903225807 0.9609107733722171
0.631720430107527 0.980138923383834
0.631720430107527 0.980138923383834
0.663978494623656 1.0009694192297525
0.7715053763440862 1.0506421400930963
1.0161290322580647 1.0939054776192347
1.2016129032258065 1.0362210275843837
1.2123655913978495 0.911238052508873
1.088709677419355 0.8150973024507882
0.9758064516129032 0.7894597691019654
0.838709677419355 0.8215066857879938
0.752688172043011 0.9480920066978058
0.75 1.0698702901047135
0.7688172043010755 1.0987125151221389
0.7983870967741937 1.0538468317616991
0.8225806451612905 0.9464896608635043
0.817204301075269 0.8856005191600504
0.7930107526881722 0.8839981733257489
0.696236559139785 0.9865483067210397
0.674731182795699 1.0939054776192347
0.7258064516129032 1.1660110401627986
0.8763440860215055 1.1211453568023588
0.9731182795698925 1.033016335915781
1.0161290322580647 0.9288638566861886
0.8655913978494625 0.9352732400233943
0.6021505376344087 1.1724204235000042
0.6908602150537635 1.3086198194156247
1.0080645161290325 1.206069686020334
1.1290322580645165 1.0971101692878376
1.1478494623655915 1.0009694192297525
1.0591397849462365 0.9721271942123269
0.8575268817204302 1.0250046067442737
0.696236559139785 1.1339641234767701
0.6478494623655915 1.2733682110609934
0.763440860215054 1.3246432777586388
1.056451612903226 1.2621517902208834
1.2580645161290325 1.1339641234767701
1.373655913978495 0.9753318858809299
1.360215053763441 0.9048286691716674
1.2043010752688175 0.9096357066745717
0.967741935483871 1.0009694192297525
0.7446236559139785 1.1499875818197842
0.6478494623655915 1.3246432777586388
0.7580645161290325 1.3807253819591883
1.0698924731182795 1.302210436078419
1.263440860215054 1.1563969651569899
1.352150537634409 0.9881506525553412
1.317204301075269 0.9176474358460789
1.1693548387096775 0.9368755858576958
0.8655913978494625 1.060256215098905
0.685483870967742 1.1788298068372098
0.6612903225806452 1.274970556895295
0.9193548387096775 1.233309565203458
1.145161290322581 1.0971101692878376
1.2876344086021505 0.9160450900117774
1.295698924731183 0.8487465649711179
1.2123655913978495 0.8839981733257489
1.0725806451612905 1.0089811484012596
1.0188172043010755 1.0858937484477276
1.0161290322580647 1.1163383192994545
1.0376344086021505 1.1003148609564404
1.0725806451612905 1.0394257192529865
1.0725806451612905 1.0137881859041638
1.0618279569892475 1.007378802566958
1.045698924731183 1.007378802566958
0.9543010752688172 1.060256215098905
0.9435483870967742 1.0810867109448232
0.9623655913978495 1.0746773276076176
1.0000000000000002 1.0234022609099722
1.0161290322580647 0.9256591650175858
0.9892473118279572 0.8695770608170363
0.9005376344086022 0.8727817524856392
0.817204301075269 0.9400802775262986
0.7822580645161292 1.0314139900814794
0.8225806451612905 1.0730749817733163
0.9650537634408602 1.0522444859273978
1.0510752688172045 0.9929576900582453
1.099462365591398 0.9000216316687633
1.0806451612903225 0.8663723691484335
0.9650537634408602 0.9096357066745717
0.7446236559139785 1.0730749817733163
0.6586021505376345 1.2012626485174296
0.6586021505376345 1.2317072193691565
0.6075268817204302 1.0714726359390148
0.53494623655914 1.106724244293646
0.327956989247312 1.2397189485406637
0.685483870967742 1.3246432777586388
0.75 1.3246432777586388
0.9059139784946237 1.321438586090036
1.198924731182796 1.2717658652266919
1.263440860215054 1.2188884526947452
1.196236559139785 1.125952394305263
1.0618279569892475 1.0586538692646035
0.9731182795698925 1.0442327567558907
0.8655913978494625 1.0810867109448232
0.8037634408602152 1.1884438818430183
0.8225806451612905 1.268561173558089
0.8440860215053765 1.3070174735813231
0.8360215053763442 1.2958010527412132
0.752688172043011 1.2365142568720608
0.6720430107526882 1.206069686020334
0.6236559139784947 1.1980579568488268
0.5967741935483872 1.2653564818894862
0.663978494623656 1.3246432777586388
0.7768817204301077 1.3550878486103657
0.9059139784946237 1.2974033985755147
0.9623655913978495 1.2076720318546352
0.9327956989247312 1.0842914026134263
0.8467741935483872 1.0282092984128766
0.7930107526881722 1.029811644247178
0.6586021505376345 1.137168815145373
0.7338709677419355 1.2012626485174296
0.9274193548387097 1.1804321526715111
1.1720430107526885 1.0618585609332063
1.2123655913978495 0.9288638566861886
1.102150537634409 0.8663723691484335
0.8252688172043012 0.8599629858112277
0.5806451612903227 0.9528990442007099
0.521505376344086 1.0426304109215894
0.6559139784946237 1.1403735068139758
0.935483870967742 1.1628063484941955
1.209677419354839 1.1227477026366601
1.395161290322581 1.0009694192297525
1.3682795698924735 0.8904075566629548
1.239247311827957 0.8471442191368164
0.9596774193548387 0.8839981733257489
0.7231182795698925 0.9753318858809299
0.5591397849462367 1.1323617776424686
0.6720430107526882 1.2477306777121708
0.991935483870968 1.2445259860435678
1.231182795698925 1.1227477026366601
1.3010752688172045 0.9929576900582453
1.231182795698925 0.864770023314132
0.9973118279569895 0.8231090316222951
0.6801075268817205 0.9096357066745717
0.521505376344086 1.0314139900814794
0.5322580645161292 1.2397189485406637
0.8145161290322582 1.2925963610726103
1.134408602150538 1.164408694328497
1.274193548387097 0.9545013900350114
1.2123655913978495 0.8054832274449795
1.0161290322580647 0.7830503857647597
0.774193548387097 0.8711794066513376
0.5376344086021507 1.0522444859273978
0.5752688172043012 1.222093144363348
0.8763440860215055 1.2509353693807737
1.1720430107526885 1.1547946193226886
1.28494623655914 1.026606952578575
1.2661290322580645 0.8727817524856392
1.1693548387096775 0.8134949566164866
0.9946236559139787 0.8327231066281036
0.8360215053763442 0.9192497816803802
0.7150537634408602 1.076279673441919
0.7473118279569892 1.175625115168607
0.9220430107526882 1.148385235985483
1.03494623655914 1.0282092984128766
1.0591397849462365 0.853553602474022
0.9758064516129032 0.7702316190903484
0.860215053763441 0.7830503857647597
0.631720430107527 0.9240568191832845
0.5376344086021507 1.095507823453536
0.5967741935483872 1.1788298068372098
0.7715053763440862 1.1676133859970999
0.9301075268817205 1.026606952578575
0.9516129032258065 0.8743840983199405
0.9086021505376345 0.8150973024507882
0.8440860215053765 0.8038808816106782
0.7795698924731185 0.875986444154242
0.7768817204301077 0.9865483067210397
0.9274193548387097 1.0554491775960007
1.155913978494624 1.018595223407068
1.28494623655914 0.9176474358460789
1.3091397849462365 0.8695770608170363
1.2446236559139785 0.8856005191600504
1.053763440860215 1.0137881859041638
0.903225806451613 1.1804321526715111
0.9086021505376345 1.2701635193923906
1.03494623655914 1.2845846319011034
1.1801075268817205 1.206069686020334
1.2876344086021505 1.0650632526018091
1.306451612903226 0.9977647275611496
1.2446236559139785 0.9785365775495327
1.0080645161290325 1.0522444859273978
0.8521505376344087 1.14518054431688
0.7876344086021507 1.252537715215075
0.8655913978494625 1.2829822860668019
1.123655913978495 1.2188884526947452
1.327956989247312 1.0842914026134263
1.39247311827957 0.968922502543724
1.39247311827957 0.9545013900350114
1.2338709677419355 0.9705248483780256
1.053763440860215 1.0778820192762204
0.9973118279569895 1.1724204235000042
1.0698924731182795 1.2092743776889368
1.327956989247312 1.1852391901744155
1.502688172043011 1.1099289359622488
1.6182795698924735 1.018595223407068
1.6263440860215055 0.9817412692181355
1.513440860215054 1.0137881859041638
1.362903225806452 1.0890984401163304
1.1908602150537635 1.1980579568488268
1.131720430107527 1.2621517902208834
1.209677419354839 1.2717658652266919
1.4005376344086025 1.1852391901744155
1.4946236559139785 1.0971101692878376
1.524193548387097 1.026606952578575
1.446236559139785 1.018595223407068
1.196236559139785 1.0939054776192347
1.0161290322580647 1.1916485735116211
0.903225806451613 1.3070174735813231
0.9408602150537635 1.3454737736045572
1.064516129032258 1.2974033985755147
1.134408602150538 1.2156837610261424
1.7688172043010755 1.0410280650872878
2.016129032258065 1.0362210275843837
2.1827956989247315 1.0618585609332063
2.298387096774194 1.0474374484244935
2.42741935483871 1.0282092984128766
2.610215053763441 1.1419758526482773
2.655913978494624 1.1387711609796745
2.8655913978494625 1.1099289359622488
2.994623655913979 1.0538468317616991
3.091397849462366 0.9416826233605999
3.059139784946237 0.8391324899653094
3.0107526881720434 0.7974714982734725
2.9112903225806455 0.7990738441077738
2.674731182795699 0.8679747149827348
2.502688172043011 0.9785365775495327
2.4892473118279574 1.0890984401163304
2.6397849462365595 1.1499875818197842
2.7903225806451615 1.1467828901511814
2.9435483870967745 1.0714726359390148
3.005376344086022 0.9432849691949015
2.973118279569893 0.8343254524624051
2.881720430107527 0.7894597691019654
2.8010752688172045 0.7990738441077738
2.7150537634408605 0.8888052108286533
2.7258064516129035 0.9993670733954509
2.841397849462366 1.0634609067675078
2.9193548387096775 1.0570515234303022
2.970430107526882 0.968922502543724
2.9220430107526885 0.8599629858112277
2.787634408602151 0.8022785357763766
2.666666666666667 0.8134949566164866
2.545698924731183 0.9160450900117774
2.599462365591398 1.0394257192529865
2.8360215053763445 1.095507823453536
3.013440860215054 1.0698702901047135
3.158602150537635 0.9625131192065184
3.126344086021506 0.8391324899653094
2.973118279569893 0.7798456940961569
2.8225806451612905 0.7862550774333625
2.7069892473118284 0.8727817524856392
2.698924731182796 0.9480920066978058
2.81989247311828 1.0137881859041638
2.940860215053764 0.9929576900582453
2.983870967741936 0.9048286691716674
2.903225806451613 0.8343254524624051
2.817204301075269 0.818301994119391
2.5510752688172045 0.9032263233373661
2.4516129032258065 1.0394257192529865
2.53494623655914 1.1195430109680573
2.698924731182796 1.1211453568023588
2.806451612903226 1.0362210275843837
2.8037634408602155 0.9496943525321071
2.696236559139785 0.9128403983431745
2.559139784946237 0.9288638566861886
2.448924731182796 1.0250046067442737
2.4892473118279574 1.068267944270412
2.6693548387096775 1.0586538692646035
2.8145161290322585 0.9881506525553412
2.8575268817204305 0.9000216316687633
2.795698924731183 0.8599629858112277
2.631720430107527 0.9016239775030646
2.559139784946237 0.9673201567094227
2.5967741935483875 1.0346186817500822
2.755376344086022 1.033016335915781
2.8790322580645165 0.9673201567094227
2.895161290322581 0.8984192858344617
2.8037634408602155 0.8279160691251994
2.653225806451613 0.8343254524624051
2.53494623655914 0.9144427441774758
2.5537634408602155 1.0041741108983553
2.755376344086022 1.0282092984128766
2.905913978494624 0.9881506525553412
3.005376344086022 0.8952145941658589
2.9892473118279574 0.8407348357996107
2.809139784946237 0.8599629858112277
2.620967741935484 0.9288638566861886
2.494623655913979 1.0474374484244935
2.577956989247312 1.1195430109680573
2.8010752688172045 1.1035195526250432
2.96236559139785 1.0153905317384653
2.994623655913979 0.9384779316919971
2.8897849462365595 0.8904075566629548
2.645161290322581 0.911238052508873
2.494623655913979 0.9881506525553412
2.4973118279569895 1.0634609067675078
2.685483870967742 1.087496094282029
2.884408602150538 1.0282092984128766
2.9435483870967745 0.9721271942123269
2.9301075268817205 0.9176474358460789
2.7795698924731185 0.9032263233373661
2.6290322580645165 0.9448873150292028
2.5940860215053765 0.9881506525553412
2.7043010752688175 1.029811644247178
2.841397849462366 1.002571765064054
2.89247311827957 0.9673201567094227
2.9005376344086025 0.9288638566861886
2.8145161290322585 0.9160450900117774
2.7069892473118284 0.9400802775262986
2.645161290322581 0.9881506525553412
2.6612903225806455 1.0089811484012596
2.763440860215054 0.9929576900582453
2.8360215053763445 0.9561037358693127
2.8655913978494625 0.9208521275146817
2.8360215053763445 0.9048286691716674
2.752688172043011 0.9272615108518873
2.620967741935484 1.0057764567326568
2.5860215053763445 1.0634609067675078
2.698924731182796 1.0698702901047135
2.849462365591398 1.018595223407068
2.9650537634408605 0.9288638566861886
2.9865591397849465 0.8599629858112277
2.830645161290323 0.8711794066513376
2.53494623655914 0.991355344223944
2.505376344086022 1.0522444859273978
2.755376344086022 1.0201975692413694
2.9005376344086025 0.968922502543724
2.991935483870968 0.8984192858344617
3.0080645161290325 0.8663723691484335
2.9005376344086025 0.8888052108286533
2.7500000000000004 0.9609107733722171
2.685483870967742 1.0394257192529865
2.71236559139785 1.076279673441919
2.81989247311828 1.0618585609332063
2.905913978494624 0.9929576900582453
2.9220430107526885 0.9384779316919971
2.8655913978494625 0.8904075566629548
2.766129032258065 0.8936122483315576
2.674731182795699 0.9448873150292028
2.663978494623656 1.0009694192297525
2.7473118279569895 1.029811644247178
2.940860215053764 1.007378802566958
3.102150537634409 0.9416826233605999
3.155913978494624 0.8615653316455292
3.126344086021506 0.8359277982967066
2.9005376344086025 0.8839981733257489
2.685483870967742 0.991355344223944
2.620967741935484 1.0570515234303022
2.6612903225806455 1.076279673441919
2.8333333333333335 1.0442327567558907
2.940860215053764 0.9977647275611496
