0.8897849462365592 1.1131336276308517
0.89247311827957 1.137168815145373
1.0000000000000002 1.2317072193691565
1.3010752688172045 1.2204907985290467
1.610215053763441 1.0570515234303022
1.6048387096774195 0.9128403983431745
1.327956989247312 0.8551559483083235
0.6989247311827957 1.2140814151918409
1.064516129032258 1.279777594398199
1.6478494623655915 1.0394257192529865
1.5483870967741935 0.933670894189093
1.102150537634409 0.9320685483547915
0.7876344086021507 1.0458351025901922
0.674731182795699 1.1884438818430183
1.0080645161290325 1.2813799402325006
1.795698924731183 1.0474374484244935
1.7338709677419355 0.9128403983431745
1.360215053763441 0.8551559483083235
0.7258064516129032 0.9448873150292028
0.446236559139785 1.0890984401163304
0.49193548387096775 1.1964556110145255
1.6048387096774195 0.9961623817268481
1.685483870967742 0.8695770608170363
1.327956989247312 0.8375301441310079
0.9166666666666667 0.9496943525321071
0.6720430107526882 1.1243500484709616
0.8736559139784947 1.175625115168607
1.4301075268817205 1.090700785950632
1.7043010752688175 0.9593084275379156
1.612903225806452 0.9080333608402702
1.0833333333333335 0.9881506525553412
0.7688172043010755 1.0987125151221389
1.14247311827957 1.1339641234767701
1.559139784946237 1.0057764567326568
1.634408602150538 0.9448873150292028
1.274193548387097 0.9625131192065184
0.7365591397849462 1.1163383192994545
1.043010752688172 1.1243500484709616
1.4973118279569895 1.002571765064054
1.6155913978494625 0.9545013900350114
1.5188172043010755 0.9528990442007099
1.102150537634409 1.0778820192762204
0.9193548387096775 1.1740227693343055
1.0215053763440862 1.2076720318546352
1.4327956989247315 1.0826890567791247
1.6155913978494625 0.9625131192065184
1.56989247311828 0.864770023314132
1.067204301075269 1.2445259860435678
1.645161290322581 1.0410280650872878
1.513440860215054 0.9769342317152312
1.513440860215054 0.9769342317152312
1.5161290322580645 1.0009694192297525
1.532258064516129 1.0522444859273978
1.6612903225806455 1.106724244293646
1.8763440860215055 1.0442327567558907
1.981182795698925 0.9368755858576958
1.0913978494623655 0.9432849691949015
0.9301075268817205 1.0858937484477276
1.2661290322580645 1.1307594318081673
1.674731182795699 1.0442327567558907
1.81989247311828 0.9384779316919971
1.698924731182796 0.9080333608402702
1.295698924731183 1.0009694192297525
1.7338709677419355 1.125952394305263
1.720430107526882 1.0153905317384653
1.3978494623655915 0.9625131192065184
1.088709677419355 1.0201975692413694
0.8897849462365592 1.1676133859970999
1.7016129032258065 1.1692157318314014
1.7688172043010755 1.018595223407068
1.4408602150537635 0.9448873150292028
0.6370967741935485 1.137168815145373
0.7446236559139785 1.2429236402092665
1.314516129032258 1.1804321526715111
1.6586021505376345 1.060256215098905
1.787634408602151 0.9448873150292028
1.5752688172043015 0.8775887899885433
0.7580645161290325 1.060256215098905
0.6881720430107527 1.1243500484709616
0.9946236559139787 1.1307594318081673
1.467741935483871 0.9368755858576958
1.360215053763441 0.8807934816571461
0.7661290322580647 1.090700785950632
0.8091397849462367 1.153192273488387
1.206989247311828 1.1307594318081673
1.4543010752688175 1.0538468317616991
1.559139784946237 0.9673201567094227
1.42741935483871 0.9384779316919971
1.1397849462365595 0.9817412692181355
0.838709677419355 1.0987125151221389
0.8145161290322582 1.1660110401627986
1.3225806451612905 1.0666655984361106
1.424731182795699 0.9673201567094227
1.325268817204301 0.9320685483547915
0.8252688172043012 1.068267944270412
1.0080645161290325 1.1163383192994545
1.5725806451612905 0.980138923383834
1.448924731182796 0.9368755858576958
1.075268817204301 1.007378802566958
0.8548387096774195 1.106724244293646
0.9865591397849465 1.1660110401627986
1.295698924731183 1.137168815145373
1.6586021505376345 0.9961623817268481
1.620967741935484 0.9032263233373661
0.7903225806451615 1.0634609067675078
1.1801075268817205 1.1467828901511814
1.5967741935483875 1.002571765064054
1.645161290322581 0.9256591650175858
1.405913978494624 0.9048286691716674
1.0833333333333335 0.9785365775495327
0.8118279569892475 1.1115312817965504
0.9516129032258065 1.1788298068372098
1.303763440860215 1.125952394305263
1.6908602150537635 0.9833436150524368
1.795698924731183 0.8856005191600504
1.591397849462366 0.9048286691716674
1.306451612903226 1.0121858400698625
1.3682795698924735 1.1676133859970999
1.6397849462365595 1.0570515234303022
1.7043010752688175 0.9849459608867384
1.7043010752688175 0.9849459608867384
1.67741935483871 1.0041741108983553
1.5860215053763445 1.0842914026134263
1.5940860215053765 1.1547946193226886
1.688172043010753 1.1131336276308517
1.7258064516129035 1.0314139900814794
1.67741935483871 0.9833436150524368
1.384408602150538 0.968922502543724
1.0806451612903225 1.0506421400930963
1.0295698924731185 1.137168815145373
1.2580645161290325 1.1676133859970999
1.688172043010753 1.1211453568023588
1.8682795698924735 1.0538468317616991
1.8978494623655915 0.9929576900582453
1.5645161290322585 0.991355344223944
1.2553763440860215 1.0586538692646035
1.067204301075269 1.1227477026366601
1.338709677419355 1.1435781984825786
1.5080645161290325 1.0746773276076176
1.5645161290322585 0.9977647275611496
1.467741935483871 0.9753318858809299
1.2688172043010755 0.9945600358925468
1.0268817204301077 1.0778820192762204
0.9623655913978495 1.1163383192994545
1.2876344086021505 1.125952394305263
1.282258064516129 0.9881506525553412
1.032258064516129 1.0346186817500822
0.9516129032258065 1.0778820192762204
1.043010752688172 1.1243500484709616
1.293010752688172 1.0987125151221389
1.362903225806452 0.9512966983664086
0.9543010752688172 0.9785365775495327
0.9059139784946237 1.0474374484244935
1.064516129032258 1.0810867109448232
1.330645161290323 1.049039794258795
1.3763440860215055 0.9240568191832845
1.0000000000000002 1.090700785950632
1.231182795698925 1.079484365110522
1.446236559139785 0.9833436150524368
1.2983870967741935 0.9545013900350114
1.0833333333333335 0.9737295400466284
0.9193548387096775 1.021799915075671
0.9274193548387097 1.0634609067675078
1.174731182795699 1.0698702901047135
1.4650537634408605 0.9753318858809299
1.413978494623656 0.933670894189093
1.239247311827957 0.9320685483547915
0.9543010752688172 0.9833436150524368
1.043010752688172 1.0169928775727666
1.2150537634408605 1.010583494235561
1.3655913978494625 0.9641154650408199
1.403225806451613 0.9256591650175858
1.3682795698924735 0.9064310150059689
1.260752688172043 0.9320685483547915
1.1612903225806455 1.0394257192529865
1.1586021505376345 1.1195430109680573
1.2580645161290325 1.175625115168607
1.360215053763441 1.1596016568255927
1.4516129032258065 1.0666655984361106
1.4408602150537635 0.9769342317152312
1.341397849462366 0.9448873150292028
1.1827956989247315 1.0089811484012596
1.1263440860215055 1.106724244293646
1.3360215053763445 1.2204907985290467
1.5833333333333335 1.0538468317616991
1.4973118279569895 0.980138923383834
1.325268817204301 0.9737295400466284
1.088709677419355 1.0506421400930963
1.024193548387097 1.1579993109912914
1.709677419354839 1.090700785950632
1.75 1.0153905317384653
1.6827956989247315 0.9977647275611496
1.491935483870968 1.0346186817500822
1.252688172043011 1.1227477026366601
1.17741935483871 1.1708180776657027
1.2580645161290325 1.1884438818430183
1.559139784946237 1.090700785950632
1.56989247311828 1.0442327567558907
1.56989247311828 1.0442327567558907
1.553763440860215 1.0346186817500822
1.188172043010753 1.0522444859273978
1.0403225806451615 1.1403735068139758
1.03494623655914 1.1932509193459226
1.2150537634408605 1.2269001818662524
1.4543010752688175 1.1804321526715111
1.553763440860215 1.1083265901279473
1.5188172043010755 1.060256215098905
1.3763440860215055 1.076279673441919
1.2043010752688175 1.148385235985483
1.1720430107526885 1.1868415360087168
1.317204301075269 1.1820344985058127
1.5188172043010755 1.0442327567558907
1.196236559139785 1.0522444859273978
1.096774193548387 1.1099289359622488
1.2795698924731185 1.1596016568255927
1.403225806451613 1.1035195526250432
1.459677419354839 1.0282092984128766
1.252688172043011 1.033016335915781
1.174731182795699 1.0939054776192347
1.185483870967742 1.1499875818197842
1.330645161290323 1.1339641234767701
1.459677419354839 1.049039794258795
1.4758064516129035 0.9961623817268481
1.2473118279569895 1.021799915075671
1.1182795698924735 1.1227477026366601
1.185483870967742 1.1499875818197842
1.174731182795699 1.060256215098905
1.067204301075269 1.0057764567326568
0.8978494623655915 1.0121858400698625
0.7822580645161292 1.068267944270412
0.8360215053763442 1.0842914026134263
1.0295698924731185 1.0650632526018091
1.2016129032258065 1.0234022609099722
1.2446236559139785 0.9961623817268481
1.0161290322580647 1.0089811484012596
0.8736559139784947 1.0778820192762204
0.8951612903225807 1.1099289359622488
1.131720430107527 1.0746773276076176
1.3225806451612905 1.010583494235561
1.424731182795699 0.9496943525321071
1.39247311827957 0.9064310150059689
0.9758064516129032 1.0201975692413694
0.8870967741935485 1.0714726359390148
1.0000000000000002 1.0730749817733163
1.2016129032258065 1.021799915075671
1.3897849462365595 0.933670894189093
1.413978494623656 0.8952145941658589
1.282258064516129 0.9048286691716674
0.9838709677419357 1.0041741108983553
0.8655913978494625 1.068267944270412
0.913978494623656 1.106724244293646
1.1505376344086025 1.0746773276076176
1.459677419354839 0.9849459608867384
1.5725806451612905 0.911238052508873
1.510752688172043 0.8856005191600504
1.28494623655914 0.922454473348983
1.0107526881720432 1.0121858400698625
0.9327956989247312 1.0522444859273978
1.0080645161290325 1.076279673441919
1.2150537634408605 1.0410280650872878
1.4650537634408605 0.9512966983664086
1.545698924731183 0.8952145941658589
1.5053763440860215 0.8807934816571461
1.2338709677419355 0.9272615108518873
1.032258064516129 1.0089811484012596
0.9892473118279572 1.0394257192529865
1.131720430107527 1.0362210275843837
1.403225806451613 0.9512966983664086
1.510752688172043 0.8984192858344617
1.543010752688172 0.8727817524856392
1.327956989247312 0.8888052108286533
1.110215053763441 0.9528990442007099
0.9543010752688172 1.021799915075671
1.0161290322580647 1.0474374484244935
1.3091397849462365 1.0153905317384653
1.524193548387097 0.9545013900350114
1.567204301075269 0.9368755858576958
1.5403225806451615 0.9496943525321071
1.2768817204301075 1.0971101692878376
1.260752688172043 1.1275547401395645
1.4086021505376345 1.1243500484709616
1.5618279569892475 1.0730749817733163
1.5940860215053765 1.0538468317616991
1.577956989247312 1.049039794258795
1.424731182795699 1.0810867109448232
1.338709677419355 1.1115312817965504
1.303763440860215 1.137168815145373
1.3790322580645165 1.153192273488387
1.456989247311828 1.1291570859738658
1.2768817204301075 1.148385235985483
1.188172043010753 1.1628063484941955
1.174731182795699 1.1708180776657027
1.352150537634409 1.1467828901511814
1.510752688172043 1.0778820192762204
1.553763440860215 1.0346186817500822
1.513440860215054 0.9961623817268481
1.2903225806451615 0.9833436150524368
1.1182795698924735 0.9961623817268481
1.024193548387097 1.0089811484012596
1.024193548387097 1.0250046067442737
1.209677419354839 1.0282092984128766
1.341397849462366 1.0009694192297525
1.209677419354839 1.0554491775960007
1.303763440860215 1.274970556895295
1.4865591397849465 1.1980579568488268
1.5510752688172045 1.090700785950632
1.239247311827957 0.9977647275611496
0.9327956989247312 1.0522444859273978
0.8252688172043012 1.1579993109912914
0.9435483870967742 1.2172861068604437
1.2876344086021505 1.1932509193459226
1.532258064516129 1.0858937484477276
1.5940860215053765 0.9929576900582453
1.5483870967741935 0.9673201567094227
1.317204301075269 0.9945600358925468
1.1263440860215055 1.0714726359390148
1.0940860215053765 1.1147359734651532
1.217741935483871 1.1291570859738658
1.4758064516129035 1.0730749817733163
1.623655913978495 0.9881506525553412
1.634408602150538 0.9208521275146817
1.470430107526882 0.9096357066745717
1.2123655913978495 0.991355344223944
1.075268817204301 1.0890984401163304
1.153225806451613 1.1355664693110714
1.4220430107526885 1.087496094282029
1.588709677419355 1.0089811484012596
1.6155913978494625 0.9545013900350114
1.53494623655914 0.9448873150292028
1.327956989247312 0.9945600358925468
1.2123655913978495 1.0730749817733163
1.2365591397849465 1.1163383192994545
1.7446236559139785 1.0089811484012596
1.8252688172043015 0.9416826233605999
1.798387096774194 0.8952145941658589
1.5645161290322585 0.9272615108518873
1.3467741935483875 0.9993670733954509
1.1693548387096775 1.0890984401163304
1.153225806451613 1.1243500484709616
1.317204301075269 1.1211453568023588
1.5510752688172045 1.0394257192529865
1.6801075268817205 0.9625131192065184
1.688172043010753 0.933670894189093
1.5645161290322585 0.9528990442007099
1.282258064516129 1.1163383192994545
1.3010752688172045 1.1323617776424686
1.4758064516129035 1.0826890567791247
1.5967741935483875 1.0234022609099722
1.645161290322581 0.9641154650408199
1.532258064516129 0.9528990442007099
1.325268817204301 0.9993670733954509
1.1048387096774195 1.090700785950632
1.282258064516129 1.0650632526018091
1.4865591397849465 0.9833436150524368
1.5376344086021505 0.9464896608635043
1.4838709677419355 0.9368755858576958
1.252688172043011 1.007378802566958
1.134408602150538 1.0730749817733163
1.131720430107527 1.1195430109680573
1.317204301075269 1.1035195526250432
1.4650537634408605 1.0570515234303022
1.532258064516129 1.0234022609099722
1.53494623655914 1.021799915075671
1.491935483870968 1.033016335915781
1.435483870967742 1.0810867109448232
1.4327956989247315 1.106724244293646
1.4650537634408605 1.1003148609564404
1.4758064516129035 1.0410280650872878
1.274193548387097 0.9625131192065184
1.131720430107527 0.9817412692181355
1.0053763440860217 1.060256215098905
0.9946236559139787 1.1419758526482773
1.2231182795698925 1.1692157318314014
1.2876344086021505 1.1467828901511814
1.3010752688172045 1.137168815145373
1.2768817204301075 1.1339641234767701
1.2338709677419355 1.14518054431688
1.252688172043011 1.1660110401627986
1.4005376344086025 1.1628063484941955
1.521505376344086 1.0778820192762204
1.196236559139785 1.0810867109448232
1.274193548387097 1.222093144363348
1.467741935483871 1.1900462276773196
1.446236559139785 1.1403735068139758
1.3978494623655915 1.1612040026598942
1.4005376344086025 1.1708180776657027
1.459677419354839 1.1692157318314014
1.5053763440860215 1.060256215098905
1.341397849462366 1.026606952578575
1.0913978494623655 1.0730749817733163
0.9596774193548387 1.1275547401395645
0.9596774193548387 1.14518054431688
1.1370967741935485 1.1307594318081673
1.2661290322580645 1.0778820192762204
1.295698924731183 1.0474374484244935
1.263440860215054 1.0394257192529865
1.134408602150538 1.0634609067675078
1.0833333333333335 1.0842914026134263
1.0806451612903225 1.0858937484477276
1.185483870967742 1.0474374484244935
1.252688172043011 0.9929576900582453
1.260752688172043 0.9705248483780256
1.045698924731183 0.9993670733954509
0.9946236559139787 1.0121858400698625
0.9946236559139787 1.0137881859041638
1.056451612903226 1.0009694192297525
1.088709677419355 0.9881506525553412
1.088709677419355 0.9833436150524368
0.9301075268817205 0.9865483067210397
0.9193548387096775 0.991355344223944
1.002688172043011 1.0009694192297525
1.1827956989247315 1.007378802566958
1.174731182795699 1.090700785950632
1.217741935483871 1.1547946193226886
1.317204301075269 1.1596016568255927
1.4301075268817205 1.0923031317849332
1.338709677419355 0.9897529983896425
1.17741935483871 1.007378802566958
1.032258064516129 1.0778820192762204
1.0376344086021505 1.1499875818197842
1.228494623655914 1.1515899276540857
1.416666666666667 1.0746773276076176
1.4731182795698925 1.0009694192297525
1.28494623655914 0.9961623817268481
1.231182795698925 1.0458351025901922
1.295698924731183 1.068267944270412
1.2553763440860215 0.9817412692181355
1.0483870967741935 1.026606952578575
0.9516129032258065 1.0971101692878376
1.013440860215054 1.153192273488387
1.2876344086021505 1.1307594318081673
1.5752688172043015 1.0410280650872878
1.6908602150537635 0.9721271942123269
1.655913978494624 0.9496943525321071
1.174731182795699 1.0650632526018091
1.1586021505376345 1.1019172067907417
1.360215053763441 1.1051218984593445
1.6370967741935485 1.0522444859273978
1.7446236559139785 1.0153905317384653
1.752688172043011 1.010583494235561
2.0833333333333335 1.0153905317384653
2.1612903225806455 0.9769342317152312
1.086021505376344 1.1932509193459226
1.0618279569892475 1.1932509193459226
0.9946236559139787 1.1996603026831283
0.9408602150537635 1.222093144363348
0.9086021505376345 1.3118245110842275
1.013440860215054 1.4095676069766139
1.217741935483871 1.4432168694969436
1.3575268817204305 1.395146494467901
1.3682795698924735 1.310222165249926
1.252688172043011 1.1980579568488268
1.0618279569892475 1.1419758526482773
0.8951612903225807 1.1788298068372098
0.8091397849462367 1.2781752485638977
0.8870967741935485 1.3470761194388585
1.1155913978494625 1.3086198194156247
1.274193548387097 1.1547946193226886
1.282258064516129 1.0234022609099722
1.123655913978495 0.9240568191832845
0.8306451612903227 0.9496943525321071
0.5645161290322582 1.090700785950632
0.5430107526881722 1.222093144363348
0.8306451612903227 1.2445259860435678
1.1586021505376345 1.125952394305263
1.271505376344086 0.9961623817268481
1.188172043010753 0.8807934816571461
0.8682795698924732 0.9016239775030646
0.5725806451612905 1.0634609067675078
0.5080645161290323 1.1932509193459226
0.7661290322580647 1.2765729027295962
1.206989247311828 1.2076720318546352
1.424731182795699 1.0778820192762204
1.3467741935483875 0.980138923383834
1.0107526881720432 1.0137881859041638
0.7096774193548387 1.1660110401627986
0.6586021505376345 1.3342573527644472
0.8629032258064517 1.3935441486335998
1.25 1.3422690819359544
1.4516129032258065 1.210876723523238
1.3897849462365595 1.087496094282029
1.1182795698924735 1.0522444859273978
0.903225806451613 1.1099289359622488
0.7473118279569892 1.2509353693807737
0.8198924731182797 1.367906615284777
1.1155913978494625 1.3647019236161742
1.3467741935483875 1.2621517902208834
1.4650537634408605 1.079484365110522
1.317204301075269 0.9464896608635043
0.9758064516129032 0.9577060817036143
0.7607526881720432 1.0554491775960007
0.6612903225806452 1.1964556110145255
0.827956989247312 1.2573447527179793
1.0806451612903225 1.202864994351731
1.188172043010753 1.1163383192994545
1.1908602150537635 1.021799915075671
1.155913978494624 1.0009694192297525
1.134408602150538 1.0250046067442737
1.2016129032258065 1.076279673441919
1.3655913978494625 1.0858937484477276
1.4516129032258065 1.0474374484244935
1.446236559139785 0.9929576900582453
1.3333333333333335 0.9496943525321071
1.2043010752688175 0.968922502543724
1.1612903225806455 1.0137881859041638
1.1801075268817205 1.0346186817500822
1.2016129032258065 1.0314139900814794
1.217741935483871 1.0009694192297525
1.1908602150537635 0.9833436150524368
1.1612903225806455 0.991355344223944
1.174731182795699 1.037823373418685
1.2231182795698925 1.068267944270412
1.239247311827957 1.0698702901047135
1.2338709677419355 1.0394257192529865
1.1908602150537635 1.0346186817500822
1.166666666666667 1.0730749817733163
1.206989247311828 1.0987125151221389
1.330645161290323 1.049039794258795
1.4086021505376345 0.9721271942123269
1.4193548387096775 0.9032263233373661
1.362903225806452 0.8936122483315576
1.303763440860215 0.9785365775495327
1.314516129032258 1.068267944270412
1.330645161290323 1.0858937484477276
1.352150537634409 1.0858937484477276
1.3548387096774195 1.0538468317616991
1.3467741935483875 1.0442327567558907
1.3333333333333335 1.0522444859273978
1.3467741935483875 1.1019172067907417
1.3790322580645165 1.1499875818197842
1.4220430107526885 1.1339641234767701
1.481182795698925 1.0234022609099722
1.456989247311828 0.9512966983664086
1.282258064516129 0.9480920066978058
0.9892473118279572 1.060256215098905
0.7876344086021507 1.206069686020334
0.75 1.290994015238309
0.8790322580645162 1.3086198194156247
1.2016129032258065 1.233309565203458
1.510752688172043 1.0746773276076176
1.6155913978494625 0.9593084275379156
1.5860215053763445 0.8904075566629548
1.3548387096774195 0.9176474358460789
1.053763440860215 1.060256215098905
0.881720430107527 1.2429236402092665
0.9650537634408602 1.3630995777818729
1.1801075268817205 1.3695089611190785
1.4650537634408605 1.2621517902208834
1.5725806451612905 1.1243500484709616
1.4973118279569895 1.0282092984128766
1.2043010752688175 1.0250046067442737
0.8978494623655915 1.1323617776424686
0.7688172043010755 1.2941987069069119
0.9166666666666667 1.3967488403022026
1.163978494623656 1.3855324194620926
1.424731182795699 1.2669588277237878
1.4865591397849465 1.1628063484941955
1.325268817204301 1.0650632526018091
1.0618279569892475 1.1099289359622488
0.8225806451612905 1.2557424068836778
0.752688172043011 1.4223863736510252
0.9166666666666667 1.4768661320172733
1.185483870967742 1.3695089611190785
1.314516129032258 1.2076720318546352
1.2903225806451615 1.1115312817965504
1.166666666666667 1.1115312817965504
0.967741935483871 1.2140814151918409
0.860215053763441 1.3070174735813231
0.8467741935483872 1.321438586090036
0.8467741935483872 1.321438586090036
0.8790322580645162 1.321438586090036
1.0161290322580647 1.3038127819127203
1.123655913978495 1.2365142568720608
1.102150537634409 1.1547946193226886
0.9973118279569895 1.1275547401395645
0.8037634408602152 1.206069686020334
0.7607526881720432 1.2813799402325006
0.8655913978494625 1.3470761194388585
1.002688172043011 1.3086198194156247
1.064516129032258 1.2541400610493765
1.0483870967741935 1.1900462276773196
0.946236559139785 1.1708180776657027
0.795698924731183 1.222093144363348
0.7580645161290325 1.302210436078419
0.9005376344086022 1.3422690819359544
1.1586021505376345 1.279777594398199
1.217741935483871 1.2188884526947452
1.209677419354839 1.1628063484941955
1.112903225806452 1.1579993109912914
0.9758064516129032 1.2252978360319509
0.9381720430107527 1.3166315485871316
1.024193548387097 1.34867846527316
1.231182795698925 1.2701635193923906
1.3467741935483875 1.1772274610029083
1.349462365591398 1.079484365110522
1.1827956989247315 1.0458351025901922
0.924731182795699 1.106724244293646
0.795698924731183 1.2172861068604437
0.9220430107526882 1.302210436078419
1.4543010752688175 1.2236954901976496
1.6827956989247315 1.1051218984593445
1.7473118279569895 0.9753318858809299
1.6182795698924735 0.9240568191832845
1.252688172043011 0.9496943525321071
0.9516129032258065 1.0522444859273978
0.8440860215053765 1.1676133859970999
0.9811827956989247 1.2429236402092665
1.2150537634408605 1.2397189485406637
1.4301075268817205 1.1467828901511814
1.470430107526882 1.018595223407068
1.2903225806451615 0.9448873150292028
0.9543010752688172 0.9577060817036143
0.717741935483871 1.0474374484244935
0.6559139784946237 1.1612040026598942
0.8655913978494625 1.2140814151918409
1.209677419354839 1.1243500484709616
1.3682795698924735 0.9705248483780256
1.295698924731183 0.8679747149827348
1.0806451612903225 0.875986444154242
0.9623655913978495 0.9448873150292028
0.9381720430107527 1.0474374484244935
1.1075268817204305 1.079484365110522
1.2446236559139785 1.021799915075671
1.271505376344086 0.9593084275379156
1.260752688172043 0.9384779316919971
1.2473118279569895 0.9384779316919971
1.2473118279569895 0.9657178108751212
1.330645161290323 1.007378802566958
1.381720430107527 1.0137881859041638
1.3897849462365595 0.9897529983896425
1.384408602150538 0.9673201567094227
1.381720430107527 0.9641154650408199
1.3870967741935485 0.9945600358925468
1.416666666666667 1.033016335915781
1.4220430107526885 1.0394257192529865
1.413978494623656 1.0137881859041638
1.39247311827957 0.9881506525553412
1.3897849462365595 0.980138923383834
1.3467741935483875 1.0394257192529865
1.338709677419355 1.0858937484477276
1.338709677419355 1.0939054776192347
1.3467741935483875 1.0778820192762204
1.3467741935483875 1.0137881859041638
1.338709677419355 0.980138923383834
1.338709677419355 0.9769342317152312
1.3440860215053765 1.021799915075671
1.352150537634409 1.060256215098905
1.352150537634409 1.0666655984361106
1.373655913978495 1.0234022609099722
1.3897849462365595 0.980138923383834
1.3897849462365595 0.9769342317152312
1.260752688172043 1.090700785950632
1.123655913978495 1.2044673401860324
0.9946236559139787 1.3278479694272416
0.9838709677419357 1.3470761194388585
0.9811827956989247 1.3470761194388585
0.9758064516129032 1.3422690819359544
0.9596774193548387 1.321438586090036
0.946236559139785 1.2845846319011034
0.9166666666666667 1.2493330235464721
0.8978494623655915 1.2365142568720608
0.8897849462365592 1.268561173558089
0.9301075268817205 1.33746204443305
1.0000000000000002 1.3663042694504757
1.1075268817204305 1.34867846527316
1.1370967741935485 1.3038127819127203
1.0483870967741935 1.2317072193691565
0.903225806451613 1.2252978360319509
0.8252688172043012 1.252537715215075
0.8736559139784947 1.3534855027760642
1.0000000000000002 1.367906615284777
1.14247311827957 1.3294503152615431
1.174731182795699 1.2781752485638977
1.045698924731183 1.2365142568720608
0.795698924731183 1.252537715215075
0.6666666666666667 1.3118245110842275
0.7123655913978495 1.3759183444562841
0.9650537634408602 1.3743159986219826
1.166666666666667 1.3166315485871316
1.217741935483871 1.279777594398199
1.166666666666667 1.2781752485638977
1.123655913978495 1.3198362402557344
1.1586021505376345 1.3406667361016529
1.282258064516129 1.3166315485871316
1.373655913978495 1.2717658652266919
1.338709677419355 1.2541400610493765
1.1182795698924735 1.2653564818894862
0.9166666666666667 1.3246432777586388
0.870967741935484 1.3727136527876813
1.03494623655914 1.3807253819591883
1.2016129032258065 1.3438714277702557
1.3010752688172045 1.3166315485871316
1.28494623655914 1.3086198194156247
1.131720430107527 1.3166315485871316
1.0188172043010755 1.3422690819359544
0.9623655913978495 1.3855324194620926
1.043010752688172 1.4015558778051067
1.1370967741935485 1.3823277277934898
1.1935483870967745 1.3390643902673516
1.155913978494624 1.2958010527412132
0.9623655913978495 1.2781752485638977
0.7580645161290325 1.3070174735813231
0.696236559139785 1.3550878486103657
0.7715053763440862 1.3855324194620926
0.8521505376344087 1.3566901944446672
0.8467741935483872 1.279777594398199
0.7258064516129032 1.202864994351731
0.610215053763441 1.1772274610029083
0.545698924731183 1.175625115168607
0.5322580645161292 1.1868415360087168
0.577956989247312 1.1804321526715111
0.5940860215053765 1.1692157318314014
0.5940860215053765 1.1692157318314014
0.6263440860215055 1.175625115168607
0.7016129032258065 1.1932509193459226
0.728494623655914 1.194853265180224
0.6935483870967742 1.175625115168607
0.5806451612903227 1.1515899276540857
0.413978494623656 1.1499875818197842
0.3440860215053765 1.1788298068372098
0.36827956989247324 1.2573447527179793
0.5618279569892475 1.3038127819127203
0.7365591397849462 1.2845846319011034
0.8010752688172045 1.2285025277005537
0.7446236559139785 1.1772274610029083
0.5967741935483872 1.1596016568255927
0.5295698924731185 1.1612040026598942
0.5188172043010753 1.2252978360319509
0.6801075268817205 1.2781752485638977
0.8790322580645162 1.2653564818894862
1.0940860215053765 1.1852391901744155
1.123655913978495 1.1499875818197842
1.0806451612903225 1.137168815145373
0.9193548387096775 1.1579993109912914
0.817204301075269 1.2188884526947452
0.8198924731182797 1.2733682110609934
0.9005376344086022 1.2669588277237878
0.9704301075268817 1.2317072193691565
0.9946236559139787 1.2012626485174296
0.9543010752688172 1.194853265180224
0.8763440860215055 1.2573447527179793
0.8440860215053765 1.3630995777818729
0.8736559139784947 1.4303981028225323
0.9946236559139787 1.4127722986452167
1.0940860215053765 1.3438714277702557
1.1048387096774195 1.279777594398199
0.9892473118279572 1.2653564818894862
0.8333333333333335 1.3086198194156247
0.7903225806451615 1.3663042694504757
0.9274193548387097 1.3743159986219826
1.1720430107526885 1.2845846319011034
1.282258064516129 1.1852391901744155
1.2553763440860215 1.1419758526482773
1.0913978494623655 1.1708180776657027
0.9543010752688172 1.2605494443865821
0.9516129032258065 1.321438586090036
1.056451612903226 1.3422690819359544
1.2231182795698925 1.3166315485871316
1.293010752688172 1.2845846319011034
1.274193548387097 1.2701635193923906
1.198924731182796 1.2781752485638977
1.166666666666667 1.290994015238309
1.166666666666667 1.321438586090036
1.228494623655914 1.3182338944214331
1.3010752688172045 1.274970556895295
1.306451612903226 1.2204907985290467
1.231182795698925 1.1852391901744155
1.1048387096774195 1.1996603026831283
1.045698924731183 1.2509353693807737
1.064516129032258 1.2861869777354047
1.102150537634409 1.2829822860668019
1.123655913978495 1.2493330235464721
1.0698924731182795 1.2236954901976496
0.9166666666666667 1.2445259860435678
0.8440860215053765 1.2829822860668019
0.8413978494623657 1.33746204443305
0.991935483870968 1.3438714277702557
1.1935483870967745 1.274970556895295
1.2661290322580645 1.2156837610261424
1.2338709677419355 1.1772274610029083
1.088709677419355 1.206069686020334
1.0053763440860217 1.2765729027295962
1.0161290322580647 1.290994015238309
1.0806451612903225 1.2701635193923906
1.131720430107527 1.2076720318546352
1.1370967741935485 1.1804321526715111
1.1048387096774195 1.1804321526715111
1.0376344086021505 1.2397189485406637
1.0376344086021505 1.299005744409816
1.086021505376344 1.3118245110842275
1.25 1.2573447527179793
1.314516129032258 1.210876723523238
1.325268817204301 1.1884438818430183
1.1397849462365595 1.2269001818662524
0.9623655913978495 1.2861869777354047
0.860215053763441 1.3406667361016529
0.8736559139784947 1.3534855027760642
1.086021505376344 1.3086198194156247
1.317204301075269 1.2204907985290467
1.3897849462365595 1.1820344985058127
1.360215053763441 1.1868415360087168
1.174731182795699 1.2605494443865821
1.0698924731182795 1.3166315485871316
1.067204301075269 1.3294503152615431
1.1720430107526885 1.3006080902441175
1.2580645161290325 1.2541400610493765
1.271505376344086 1.2397189485406637
1.2258064516129035 1.2397189485406637
0.9892473118279572 1.2445259860435678
1.0000000000000002 1.2509353693807737
1.077956989247312 1.2573447527179793
1.228494623655914 1.2140814151918409
1.303763440860215 1.1419758526482773
1.306451612903226 1.1035195526250432
1.2123655913978495 1.090700785950632
0.9811827956989247 1.1323617776424686
0.8252688172043012 1.2349119110377593
0.870967741935484 1.2781752485638977
1.03494623655914 1.2621517902208834
1.14247311827957 1.2012626485174296
1.145161290322581 1.1499875818197842
1.053763440860215 1.1355664693110714
0.8682795698924732 1.2012626485174296
0.7580645161290325 1.299005744409816
0.7983870967741937 1.3727136527876813
0.9596774193548387 1.3727136527876813
1.206989247311828 1.2925963610726103
1.303763440860215 1.1804321526715111
1.260752688172043 1.137168815145373
1.096774193548387 1.1628063484941955
0.9166666666666667 1.2509353693807737
0.8548387096774195 1.3342573527644472
0.935483870967742 1.35989488611327
1.1370967741935485 1.2845846319011034
1.2661290322580645 1.1772274610029083
1.282258064516129 1.1211453568023588
1.1478494623655915 1.0971101692878376
0.9193548387096775 1.1612040026598942
0.7903225806451615 1.2477306777121708
0.7930107526881722 1.2861869777354047
0.991935483870968 1.274970556895295
1.2231182795698925 1.1804321526715111
1.303763440860215 1.0826890567791247
1.2473118279569895 1.0410280650872878
0.967741935483871 1.1035195526250432
0.774193548387097 1.206069686020334
0.7311827956989247 1.2557424068836778
0.8010752688172045 1.2445259860435678
0.991935483870968 1.1387711609796745
1.099462365591398 1.0314139900814794
1.1075268817204305 0.9977647275611496
0.9973118279569895 1.021799915075671
0.7876344086021507 1.106724244293646
0.696236559139785 1.153192273488387
0.8440860215053765 1.1051218984593445
1.064516129032258 0.980138923383834
1.163978494623656 0.8856005191600504
1.145161290322581 0.8599629858112277
0.9301075268817205 0.9368755858576958
0.8091397849462367 1.0586538692646035
0.9059139784946237 1.1099289359622488
1.0591397849462365 1.0746773276076176
1.1720430107526885 1.0089811484012596
1.1827956989247315 0.9769342317152312
1.067204301075269 1.007378802566958
0.9596774193548387 1.068267944270412
0.9059139784946237 1.1275547401395645
0.978494623655914 1.1291570859738658
1.064516129032258 1.0826890567791247
1.088709677419355 1.0410280650872878
1.032258064516129 1.029811644247178
1.032258064516129 1.029811644247178
1.0188172043010755 1.0650632526018091
0.9973118279569895 1.1708180776657027
1.0161290322580647 1.2509353693807737
1.088709677419355 1.2269001818662524
1.1720430107526885 1.1339641234767701
1.185483870967742 1.0778820192762204
1.153225806451613 1.0650632526018091
1.0053763440860217 1.1147359734651532
0.9193548387096775 1.1964556110145255
0.935483870967742 1.2445259860435678
1.163978494623656 1.1980579568488268
1.3091397849462365 1.1163383192994545
1.381720430107527 1.0234022609099722
1.2123655913978495 1.026606952578575
0.9811827956989247 1.1035195526250432
0.7661290322580647 1.2653564818894862
0.8091397849462367 1.3198362402557344
1.024193548387097 1.2925963610726103
1.2016129032258065 1.206069686020334
1.252688172043011 1.1307594318081673
1.231182795698925 1.1243500484709616
1.0403225806451615 1.1996603026831283
0.946236559139785 1.2829822860668019
0.9516129032258065 1.3086198194156247
1.0725806451612905 1.2573447527179793
1.188172043010753 1.1467828901511814
1.231182795698925 1.0666655984361106
1.209677419354839 1.0474374484244935
1.0403225806451615 1.0858937484477276
0.946236559139785 1.1403735068139758
0.9435483870967742 1.1996603026831283
1.174731182795699 1.1499875818197842
2.3655913978494625 1.068267944270412
2.3897849462365595 1.0730749817733163
2.4650537634408605 1.0842914026134263
2.5645161290322585 1.0650632526018091
2.3897849462365595 1.0810867109448232
2.42741935483871 1.090700785950632
2.513440860215054 1.0410280650872878
2.56989247311828 0.9833436150524368
2.580645161290323 0.9577060817036143
2.516129032258065 0.9705248483780256
2.4650537634408605 1.0426304109215894
2.459677419354839 1.090700785950632
2.4623655913978495 1.0923031317849332
2.4784946236559144 1.0618585609332063
2.4865591397849465 1.010583494235561
2.4784946236559144 0.9881506525553412
2.456989247311828 0.9865483067210397
2.470430107526882 1.0618585609332063
2.548387096774194 1.0089811484012596
2.3682795698924735 1.068267944270412
2.470430107526882 1.0746773276076176
2.5860215053763445 0.9753318858809299
2.537634408602151 1.0346186817500822
2.537634408602151 1.0554491775960007
2.5645161290322585 1.049039794258795
2.5725806451612905 0.9625131192065184
2.448924731182796 1.0410280650872878
2.513440860215054 1.0009694192297525
2.53494623655914 0.9753318858809299
2.5000000000000004 0.9737295400466284
2.435483870967742 1.0554491775960007
2.548387096774194 1.018595223407068
2.559139784946237 0.9480920066978058
2.467741935483871 0.9785365775495327
2.228494623655914 1.0089811484012596
2.341397849462366 1.026606952578575
2.4327956989247315 0.9641154650408199
2.2930107526881724 1.0250046067442737
2.2930107526881724 1.026606952578575
2.3145161290322585 1.0153905317384653
2.4650537634408605 0.9673201567094227
2.4516129032258065 0.9785365775495327
2.491935483870968 0.9849459608867384
2.526881720430108 0.9545013900350114
2.4784946236559144 0.9528990442007099
2.4301075268817205 0.9785365775495327
2.5080645161290325 1.0009694192297525
2.5430107526881724 0.9849459608867384
2.405913978494624 1.029811644247178
2.403225806451613 1.0282092984128766
2.403225806451613 1.0234022609099722
2.3870967741935485 1.029811644247178
2.360215053763441 1.0890984401163304
2.53494623655914 1.079484365110522
2.5403225806451615 1.060256215098905
2.5215053763440864 1.0538468317616991
2.5000000000000004 1.0586538692646035
2.494623655913979 1.0586538692646035
2.4865591397849465 1.0586538692646035
2.4865591397849465 1.049039794258795
2.481182795698925 1.0362210275843837
2.4784946236559144 1.0346186817500822
2.4784946236559144 1.0314139900814794
2.373655913978495 1.0169928775727666
2.373655913978495 1.0169928775727666
2.384408602150538 1.002571765064054
2.4435483870967745 0.9545013900350114
2.494623655913979 0.9817412692181355
2.456989247311828 1.0250046067442737
2.446236559139785 1.037823373418685
2.4435483870967745 1.0458351025901922
2.4435483870967745 1.0474374484244935
2.438172043010753 1.0474374484244935
2.4220430107526885 1.0506421400930963
2.352150537634409 1.0634609067675078
2.317204301075269 1.076279673441919
2.3145161290322585 1.076279673441919
2.309139784946237 1.0778820192762204
2.3145161290322585 1.0666655984361106
2.341397849462366 1.0346186817500822
2.3575268817204305 1.0153905317384653
2.3682795698924735 1.0089811484012596
2.3682795698924735 1.0057764567326568
2.3763440860215055 1.0009694192297525
2.4193548387096775 0.9769342317152312
2.4543010752688175 0.9545013900350114
2.470430107526882 0.9464896608635043
2.4758064516129035 0.9464896608635043
2.4758064516129035 0.9496943525321071
2.473118279569893 0.9625131192065184
2.456989247311828 1.0041741108983553
2.395161290322581 1.026606952578575
2.4005376344086025 1.0234022609099722
2.413978494623656 1.021799915075671
2.4193548387096775 1.0153905317384653
2.4220430107526885 1.0153905317384653
2.3575268817204305 1.0586538692646035
2.362903225806452 1.0538468317616991
2.3790322580645165 1.0346186817500822
2.3790322580645165 1.0057764567326568
2.3790322580645165 0.9929576900582453
2.373655913978495 0.9929576900582453
2.370967741935484 0.9929576900582453
2.3655913978494625 0.9961623817268481
2.360215053763441 1.033016335915781
2.362903225806452 1.0730749817733163
2.3897849462365595 1.0939054776192347
2.505376344086022 1.090700785950632
2.6048387096774195 1.049039794258795
2.655913978494624 1.0153905317384653
2.6586021505376345 1.002571765064054
2.653225806451613 1.002571765064054
2.631720430107527 1.0137881859041638
2.5940860215053765 1.0506421400930963
2.5537634408602155 1.0730749817733163
2.545698924731183 1.0842914026134263
2.5295698924731185 1.0570515234303022
2.53494623655914 1.0137881859041638
2.524193548387097 0.9897529983896425
2.502688172043011 0.9881506525553412
2.4650537634408605 0.9993670733954509
2.456989247311828 1.0169928775727666
2.456989247311828 1.0201975692413694
2.4650537634408605 1.0153905317384653
2.470430107526882 1.0089811484012596
2.467741935483871 1.0057764567326568
2.4650537634408605 1.007378802566958
