0.5949820788530467 1.4095676069766139
0.6057347670250897 1.4159769903138195
0.64247311827957 1.425591065319628
0.6998207885304659 1.4352051403254364
0.7625448028673836 1.4352051403254364
0.8198924731182797 1.417579336148121
0.8620071684587813 1.3983511861365039
0.9130824372759858 1.3550878486103657
0.9650537634408602 1.2941987069069119
1.0080645161290323 1.2092743776889368
1.039426523297491 1.0939054776192347
1.0483870967741935 0.9881506525553412
1.0331541218637994 0.8343254524624051
1.010752688172043 0.7269682815642102
0.9686379928315412 0.6067923439916039
0.8960573476702509 0.5122539397678201
0.817204301075269 0.46899060224168193
0.7625448028673836 0.4529671438986677
0.6998207885304659 0.44335306889285925
0.6460573476702509 0.44655776056146207
0.5636200716845878 0.477002331413189
0.5062724014336917 0.5154586314364229
0.4543010752688172 0.5715407356369726
0.41845878136200715 0.6260204940032208
0.3897849462365592 0.7333776649014159
0.3736559139784947 0.8231090316222951
0.36290322580645157 0.9080333608402702
0.36290322580645157 0.9593084275379156
0.37992831541218636 1.0570515234303022
0.3987455197132616 1.148385235985483
0.4157706093189964 1.2204907985290467
0.4336917562724015 1.2589470985522806
0.45161290322580644 1.2877893235697062
0.4587813620071685 1.2941987069069119
0.474910394265233 1.3150292027528303
0.5161290322580645 1.3566901944446672
0.5439068100358424 1.3743159986219826
0.5510752688172043 1.3775206902905854
0.5519713261648747 1.3775206902905854
0.5564516129032258 1.3775206902905854
0.5609318996415771 1.379123036124887
0.5654121863799284 1.3823277277934898
0.5734767025089607 1.3919418027992982
0.575268817204301 1.395146494467901
0.5770609318996416 1.3967488403022026
0.5851254480286738 1.1147359734651532
0.5878136200716846 1.117940665133756
0.596774193548387 1.1275547401395645
0.6093189964157706 1.1435781984825786
0.6254480286738351 1.1515899276540857
0.6344086021505377 1.153192273488387
0.6523297491039426 1.1596016568255927
0.6756272401433692 1.1772274610029083
0.6917562724014337 1.1852391901744155
0.6998207885304659 1.1868415360087168
0.7060931899641578 1.1868415360087168
0.706989247311828 1.1868415360087168
0.7096774193548387 1.183636844340114
0.7329749103942653 1.1628063484941955
0.7571684587813621 1.137168815145373
0.7759856630824373 1.1195430109680573
0.793010752688172 1.1019172067907417
0.8028673835125448 1.0890984401163304
0.8127240143369177 1.0778820192762204
0.817204301075269 1.0730749817733163
0.8189964157706093 1.0714726359390148
0.8216845878136201 1.060256215098905
0.8333333333333335 1.0201975692413694
0.8413978494623657 0.9753318858809299
0.8548387096774195 0.922454473348983
0.8620071684587813 0.8888052108286533
0.8673835125448028 0.8455418733025151
0.8691756272401434 0.8118926107821853
0.8682795698924732 0.7894597691019654
0.8673835125448028 0.7734363107589513
0.8557347670250897 0.7510034690787313
0.8413978494623657 0.73818470240432
0.8207885304659499 0.7141495148897987
0.8136200716845878 0.7061377857182916
0.7956989247311828 0.6885119815409761
0.7777777777777779 0.6756932148665646
0.7679211469534051 0.6676814856950577
0.7652329749103943 0.6676814856950577
0.7634408602150538 0.6676814856950577
0.739247311827957 0.691716673209579
0.7195340501792116 0.691716673209579
0.6953405017921148 0.6869096357066746
0.685483870967742 0.6837049440380718
0.6792114695340503 0.6837049440380718
0.6594982078853047 0.6981260565467846
0.6308243727598566 0.7237635898956072
0.6102150537634408 0.7429917399072243
0.6048387096774193 0.7510034690787313
0.6003584229390682 0.7622198899188413
0.5878136200716846 0.7974714982734725
0.5788530465949822 0.8439395274682135
0.5689964157706093 0.8920099024972561
0.5663082437275986 0.9048286691716674
0.5663082437275986 0.9208521275146817
0.5663082437275986 0.9432849691949015
0.5663082437275986 0.9737295400466284
0.5698924731182795 1.018595223407068
0.5698924731182795 1.0282092984128766
0.5698924731182795 1.0314139900814794
0.5698924731182795 1.033016335915781
0.5698924731182795 1.0362210275843837
0.5734767025089607 1.049039794258795
0.5797491039426523 1.0842914026134263
0.5806451612903225 1.0971101692878376
0.5806451612903225 1.1003148609564404
0.5806451612903225 1.1019172067907417
0.5824372759856631 1.1019172067907417
