0.9758064516129032 1.5233341612120146
1.0080645161290325 1.532948236217823
1.196236559139785 1.582620957081167
1.481182795698925 1.5842233029154684
1.860215053763441 1.5121177403719046
2.220430107526882 1.3727136527876813
2.435483870967742 1.222093144363348
2.459677419354839 1.0522444859273978
2.295698924731183 0.9320685483547915
2.0295698924731185 0.8247113774565966
1.763440860215054 0.7638222357531428
1.591397849462366 0.7638222357531428
1.306451612903226 0.8583606399769264
1.088709677419355 1.0121858400698625
0.924731182795699 1.2252978360319509
0.8333333333333335 1.4512285986684508
0.860215053763441 1.6082584904299897
1.1693548387096775 1.3919418027992982
1.543010752688172 1.4864802070230818
1.89247311827957 1.3086198194156247
1.3467741935483875 1.2076720318546352
1.763440860215054 0.9561037358693127
2.1048387096774195 1.1051218984593445
1.3118279569892475 1.0714726359390148
1.6048387096774195 1.1275547401395645
1.4650537634408605 1.2669588277237878
1.6182795698924735 1.2733682110609934
1.841397849462366 1.1243500484709616
2.026881720430108 1.1355664693110714
2.024193548387097 1.153192273488387
2.002688172043011 1.1980579568488268
1.895161290322581 1.2765729027295962
1.7150537634408605 1.3358596985987488
1.5403225806451615 1.3647019236161742
1.327956989247312 1.379123036124887
1.1908602150537635 1.3630995777818729
1.099462365591398 1.3406667361016529
1.032258064516129 1.2893916694040075
1.067204301075269 1.2012626485174296
1.1935483870967745 1.0987125151221389
1.4086021505376345 0.9496943525321071
1.545698924731183 0.8839981733257489
1.7043010752688175 0.864770023314132
1.8037634408602155 0.9080333608402702
1.827956989247312 0.922454473348983
1.9758064516129035 0.9128403983431745
2.0053763440860215 0.922454473348983
2.0752688172043015 0.9480920066978058
2.1693548387096775 1.010583494235561
2.2123655913978495 1.0890984401163304
2.2150537634408605 1.1596016568255927
2.188172043010753 1.2557424068836778
2.077956989247312 1.3614972319475713
1.956989247311828 1.4287957569882308
1.7768817204301075 1.510515394537603
1.6720430107526885 1.5457670028922343
1.5403225806451615 1.5505740403951387
1.4112903225806455 1.494491936194589
1.314516129032258 1.4271934111539295
1.2338709677419355 1.321438586090036
1.2123655913978495 1.2605494443865821
1.1827956989247315 1.1499875818197842
1.206989247311828 1.4720590945143692
1.239247311827957 1.4688544028457664
1.352150537634409 1.4448192153312451
1.459677419354839 1.406362915308011
1.5752688172043015 1.33746204443305
1.655913978494624 1.2301048735348552
1.67741935483871 1.1355664693110714
1.6586021505376345 1.033016335915781
1.5510752688172045 0.9448873150292028
1.370967741935484 0.8984192858344617
1.2123655913978495 0.8968169400001604
0.9892473118279572 0.9721271942123269
0.8682795698924732 1.0971101692878376
0.8736559139784947 1.2044673401860324
1.045698924731183 1.3278479694272416
1.2016129032258065 1.3919418027992982
1.14247311827957 1.0730749817733163
1.1720430107526885 1.0586538692646035
1.2365591397849465 1.026606952578575
1.4193548387096775 0.9705248483780256
1.6048387096774195 0.9561037358693127
1.717741935483871 0.9673201567094227
1.8682795698924735 1.0362210275843837
1.978494623655914 1.1211453568023588
2.048387096774194 1.2365142568720608
2.037634408602151 1.310222165249926
1.905913978494624 1.3711113069533798
1.64247311827957 1.448023906999848
1.478494623655914 1.4768661320172733
1.405913978494624 1.4688544028457664
1.3467741935483875 1.436807486159738
1.327956989247312 1.4223863736510252
1.217741935483871 1.290994015238309
1.2661290322580645 1.2861869777354047
1.3897849462365595 1.2765729027295962
1.655913978494624 1.2573447527179793
1.795698924731183 1.2477306777121708
1.8682795698924735 1.2172861068604437
1.852150537634409 1.153192273488387
1.809139784946237 1.1115312817965504
1.599462365591398 1.0250046067442737
1.4435483870967745 1.0234022609099722
1.3198924731182795 1.0923031317849332
1.206989247311828 1.2461283318778693
1.196236559139785 1.3310526610958444
1.2688172043010755 1.390339456964997
1.3763440860215055 1.3999535319708054
1.806451612903226 0.9561037358693127
1.8333333333333335 0.9673201567094227
1.905913978494624 1.010583494235561
2.0215053763440864 1.1307594318081673
2.06989247311828 1.2621517902208834
2.0430107526881724 1.3534855027760642
1.9220430107526885 1.417579336148121
1.64247311827957 1.4816731695201777
1.3897849462365595 1.4976966278631918
1.134408602150538 1.494491936194589
1.067204301075269 1.4784684778515749
1.0806451612903225 1.4095676069766139
1.2231182795698925 1.2701635193923906
1.330645161290323 1.5842233029154684
1.6263440860215055 1.3166315485871316
1.8252688172043015 1.1163383192994545
1.989247311827957 0.9320685483547915
2.0215053763440864 0.8583606399769264
1.978494623655914 0.8038808816106782
1.809139784946237 0.730172973232813
1.231182795698925 0.9304662025204902
1.403225806451613 1.0314139900814794
1.580645161290323 1.1740227693343055
1.6612903225806455 1.279777594398199
1.6693548387096775 1.332655006930146
1.6505376344086025 1.3919418027992982
1.5510752688172045 1.5025036653660961
1.4005376344086025 1.6082584904299897
1.295698924731183 1.206069686020334
1.3467741935483875 1.1932509193459226
1.5403225806451615 1.1323617776424686
1.741935483870968 1.0650632526018091
1.9758064516129035 1.0089811484012596
2.2258064516129035 0.9865483067210397
1.489247311827957 1.3711113069533798
1.3333333333333335 1.206069686020334
1.4301075268817205 1.106724244293646
1.4327956989247315 1.1772274610029083
1.510752688172043 1.2172861068604437
1.314516129032258 1.3070174735813231
1.3763440860215055 1.34867846527316
1.4838709677419355 1.3294503152615431
1.53494623655914 1.4143746444795182
1.827956989247312 1.4223863736510252
1.67741935483871 1.4287957569882308
1.7043010752688175 1.4592403278399577
1.7150537634408605 1.406362915308011
1.7688172043010755 1.3630995777818729
1.798387096774194 1.3294503152615431
2.1075268817204305 1.1788298068372098
2.1397849462365595 1.32624562359294
2.3145161290322585 1.3150292027528303
2.3118279569892475 1.1163383192994545
2.295698924731183 1.0089811484012596
2.3010752688172045 1.1996603026831283
1.9758064516129035 1.0810867109448232
1.9758064516129035 1.0810867109448232
2.077956989247312 1.033016335915781
1.763440860215054 1.007378802566958
1.510752688172043 1.0618585609332063
1.763440860215054 1.175625115168607
1.043010752688172 1.148385235985483
1.0268817204301077 1.0987125151221389
0.89247311827957 1.1788298068372098
1.110215053763441 0.9737295400466284
1.2473118279569895 0.9833436150524368
1.295698924731183 1.1339641234767701
1.153225806451613 1.233309565203458
1.862903225806452 1.076279673441919
1.862903225806452 0.8102902649478838
1.5403225806451615 0.8022785357763766
1.4220430107526885 0.818301994119391
1.6182795698924735 0.8134949566164866
1.8333333333333335 0.8519512566397207
1.89247311827957 0.8695770608170363
1.6263440860215055 0.9000216316687633
1.655913978494624 0.9080333608402702
1.5053763440860215 0.9048286691716674
1.5053763440860215 0.9641154650408199
1.6048387096774195 1.0746773276076176
1.709677419354839 1.2493330235464721
1.4758064516129035 1.1355664693110714
1.362903225806452 1.1403735068139758
1.217741935483871 0.911238052508873
1.89247311827957 1.175625115168607
2.4865591397849465 1.1035195526250432
2.806451612903226 1.1403735068139758
2.9865591397849465 1.1612040026598942
3.126344086021506 1.1772274610029083
3.201612903225807 1.2717658652266919
3.223118279569893 1.274970556895295
3.346774193548387 1.2813799402325006
3.467741935483871 1.2765729027295962
3.580645161290323 1.2397189485406637
3.653225806451613 1.1868415360087168
3.672043010752689 1.1323617776424686
3.64247311827957 1.1019172067907417
3.564516129032258 1.0714726359390148
3.440860215053764 1.0474374484244935
3.314516129032258 1.0570515234303022
3.233870967741936 1.087496094282029
3.185483870967742 1.1724204235000042
3.188172043010753 1.2509353693807737
3.225806451612904 1.3278479694272416
3.309139784946237 1.3422690819359544
3.454301075268818 1.2813799402325006
3.518817204301076 1.2012626485174296
3.513440860215054 1.1227477026366601
3.440860215053764 1.0890984401163304
3.349462365591398 1.0842914026134263
3.276881720430108 1.125952394305263
3.263440860215054 1.194853265180224
3.287634408602151 1.2493330235464721
3.397849462365592 1.2733682110609934
3.489247311827957 1.2397189485406637
3.540322580645162 1.1499875818197842
3.53494623655914 1.1019172067907417
3.440860215053764 1.0810867109448232
3.349462365591398 1.1003148609564404
3.31989247311828 1.1467828901511814
3.376344086021506 1.1868415360087168
3.451612903225807 1.202864994351731
3.526881720430108 1.1788298068372098
3.559139784946237 1.1275547401395645
3.540322580645162 1.0971101692878376
3.5 1.0810867109448232
3.400537634408603 1.0971101692878376
3.346774193548387 1.153192273488387
3.389784946236559 1.210876723523238
3.467741935483871 1.2285025277005537
3.532258064516129 1.2092743776889368
3.526881720430108 1.14518054431688
3.465053763440861 1.1115312817965504
3.325268817204301 1.1019172067907417
3.228494623655914 1.1435781984825786
3.206989247311828 1.1900462276773196
3.236559139784947 1.233309565203458
3.301075268817205 1.2493330235464721
3.317204301075269 1.2397189485406637
3.311827956989248 1.1964556110145255
3.268817204301076 1.1612040026598942
3.225806451612904 1.1596016568255927
3.182795698924732 1.2076720318546352
3.204301075268818 1.2493330235464721
3.266129032258065 1.2621517902208834
3.397849462365592 1.2349119110377593
3.481182795698925 1.1628063484941955
3.494623655913979 1.1243500484709616
3.470430107526882 1.1035195526250432
3.379032258064516 1.1275547401395645
3.341397849462366 1.1515899276540857
3.352150537634409 1.1692157318314014
3.373655913978495 1.1692157318314014
3.459677419354839 1.1612040026598942
3.516129032258065 1.1291570859738658
3.508064516129033 1.1035195526250432
3.419354838709678 1.0778820192762204
3.290322580645162 1.0923031317849332
3.206989247311828 1.1227477026366601
3.190860215053764 1.1435781984825786
3.309139784946237 1.1724204235000042
3.446236559139785 1.1708180776657027
3.489247311827957 1.1547946193226886
3.486559139784947 1.137168815145373
3.42741935483871 1.1115312817965504
3.362903225806452 1.1131336276308517
3.325268817204301 1.1660110401627986
3.346774193548387 1.2429236402092665
3.430107526881721 1.279777594398199
3.548387096774194 1.2733682110609934
3.588709677419355 1.2301048735348552
3.564516129032258 1.1884438818430183
3.454301075268818 1.1547946193226886
3.336021505376344 1.1515899276540857
3.268817204301076 1.1692157318314014
3.258064516129033 1.2236954901976496
3.352150537634409 1.2621517902208834
3.483870967741936 1.2557424068836778
3.526881720430108 1.2092743776889368
3.505376344086022 1.175625115168607
3.419354838709678 1.1499875818197842
3.35483870967742 1.153192273488387
3.327956989247312 1.1868415360087168
3.344086021505377 1.241321294374965
3.424731182795699 1.2589470985522806
3.532258064516129 1.2172861068604437
3.575268817204301 1.1708180776657027
3.577956989247312 1.1355664693110714
3.540322580645162 1.1195430109680573
3.5 1.1275547401395645
3.400537634408603 1.202864994351731
3.389784946236559 1.2589470985522806
3.424731182795699 1.2669588277237878
3.510752688172043 1.2317072193691565
3.548387096774194 1.1868415360087168
3.548387096774194 1.1612040026598942
3.478494623655914 1.1596016568255927
3.443548387096775 1.1740227693343055
3.395161290322581 1.2845846319011034
3.408602150537635 1.2733682110609934
3.424731182795699 1.2301048735348552
3.397849462365592 1.1884438818430183
3.314516129032258 1.1676133859970999
3.228494623655914 1.1692157318314014
3.131720430107527 1.1980579568488268
3.110215053763441 1.2461283318778693
3.204301075268818 1.2717658652266919
3.295698924731183 1.2605494443865821
3.389784946236559 1.2172861068604437
3.416666666666667 1.1676133859970999
3.400537634408603 1.1419758526482773
3.35752688172043 1.1435781984825786
3.346774193548387 1.1467828901511814
3.346774193548387 1.2076720318546352
3.424731182795699 1.2204907985290467
3.526881720430108 1.1996603026831283
3.56989247311828 1.1547946193226886
3.556451612903226 1.1227477026366601
3.513440860215054 1.1147359734651532
3.413978494623656 1.1435781984825786
3.341397849462366 1.1980579568488268
3.35483870967742 1.2429236402092665
3.446236559139785 1.2477306777121708
3.49731182795699 1.2140814151918409
