1.2903225806451615 1.4912872445259862
1.782258064516129 1.3630995777818729
2.0322580645161294 1.1916485735116211
1.9946236559139785 1.0169928775727666
1.655913978494624 0.9032263233373661
1.196236559139785 0.9400802775262986
0.8252688172043012 1.153192273488387
1.1720430107526885 1.4608426736742592
1.739247311827957 1.3070174735813231
2.0752688172043015 1.0169928775727666
1.948924731182796 0.8807934816571461
1.491935483870968 0.9464896608635043
1.0188172043010755 1.2124790693575396
1.252688172043011 1.5345505820521244
1.720430107526882 1.4143746444795182
2.241935483870968 1.0698702901047135
2.228494623655914 0.8936122483315576
1.870967741935484 0.8038808816106782
1.3790322580645165 0.9256591650175858
1.077956989247312 1.1996603026831283
1.2446236559139785 1.2813799402325006
1.7903225806451615 1.2092743776889368
2.2123655913978495 1.0121858400698625
2.2580645161290325 0.8599629858112277
1.6505376344086025 0.7974714982734725
1.241935483870968 0.9432849691949015
0.9543010752688172 1.2076720318546352
1.088709677419355 1.3502808111074613
1.6693548387096775 1.222093144363348
1.978494623655914 0.9705248483780256
1.956989247311828 0.7990738441077738
1.599462365591398 0.8118926107821853
1.1693548387096775 1.0169928775727666
1.002688172043011 1.2076720318546352
1.1505376344086025 1.2445259860435678
1.4731182795698925 1.1323617776424686
1.688172043010753 0.9673201567094227
1.6586021505376345 0.864770023314132
1.763440860215054 0.8343254524624051
1.763440860215054 0.8711794066513376
1.774193548387097 1.007378802566958
1.8682795698924735 1.14518054431688
2.0833333333333335 1.1147359734651532
2.2043010752688175 0.9448873150292028
2.099462365591398 0.7702316190903484
1.6908602150537635 0.7253659357299087
1.327956989247312 0.9016239775030646
1.2150537634408605 1.106724244293646
1.5188172043010755 1.1579993109912914
1.991935483870968 1.0346186817500822
2.206989247311828 0.8904075566629548
2.102150537634409 0.8038808816106782
1.5268817204301075 0.922454473348983
1.174731182795699 1.164408694328497
1.274193548387097 1.3198362402557344
1.655913978494624 1.3118245110842275
2.2258064516129035 1.1243500484709616
2.349462365591398 0.9625131192065184
2.1801075268817205 0.9128403983431745
1.771505376344086 1.079484365110522
1.5188172043010755 1.2925963610726103
1.545698924731183 1.5041060112003974
1.956989247311828 1.4111699528109154
2.276881720430108 1.1467828901511814
2.2607526881720434 0.911238052508873
2.056451612903226 0.8375301441310079
1.6263440860215055 0.9464896608635043
1.260752688172043 1.202864994351731
1.2473118279569895 1.3438714277702557
1.559139784946237 1.2861869777354047
1.806451612903226 1.0890984401163304
1.78494623655914 0.9032263233373661
1.5295698924731185 0.853553602474022
1.1827956989247315 0.9945600358925468
1.077956989247312 1.0842914026134263
1.077956989247312 1.0842914026134263
1.067204301075269 1.1227477026366601
1.013440860215054 1.2845846319011034
1.0107526881720432 1.4688544028457664
1.1720430107526885 1.4656497111771636
1.4408602150537635 1.222093144363348
1.4435483870967745 1.0426304109215894
1.2983870967741935 0.9929576900582453
0.9489247311827957 1.117940665133756
1.4112903225806455 1.3246432777586388
1.739247311827957 1.0698702901047135
1.78494623655914 0.9528990442007099
1.5725806451612905 0.9593084275379156
1.096774193548387 1.2509353693807737
1.043010752688172 1.4127722986452167
1.4516129032258065 1.3422690819359544
1.8763440860215055 1.1147359734651532
2.013440860215054 0.9416826233605999
1.7446236559139785 0.8375301441310079
1.239247311827957 1.0153905317384653
0.9059139784946237 1.3054151277470218
1.043010752688172 1.4656497111771636
1.634408602150538 1.32624562359294
1.89247311827957 1.0939054776192347
1.806451612903226 0.9480920066978058
1.448924731182796 0.9737295400466284
1.155913978494624 1.1387711609796745
0.9838709677419357 1.4207840278167239
1.330645161290323 1.5121177403719046
1.7123655913978495 1.3038127819127203
1.8225806451612905 1.0426304109215894
1.612903225806452 0.9016239775030646
1.2258064516129035 0.9609107733722171
0.8951612903225807 1.2381166027063621
1.0510752688172045 1.3759183444562841
1.481182795698925 1.2877893235697062
1.7768817204301075 1.0570515234303022
1.798387096774194 0.8856005191600504
1.5940860215053765 0.8952145941658589
1.3118279569892475 1.1131336276308517
1.2150537634408605 1.33746204443305
1.2231182795698925 1.3743159986219826
1.2231182795698925 1.3743159986219826
1.2580645161290325 1.3823277277934898
1.4193548387096775 1.3775206902905854
1.6693548387096775 1.2958010527412132
1.8118279569892475 1.1275547401395645
1.685483870967742 1.0250046067442737
1.4623655913978495 1.029811644247178
1.1478494623655915 1.1868415360087168
1.032258064516129 1.3695089611190785
1.217741935483871 1.4111699528109154
1.5967741935483875 1.2573447527179793
1.798387096774194 0.9961623817268481
1.6290322580645165 0.9096357066745717
1.3360215053763445 0.9769342317152312
0.9838709677419357 1.2589470985522806
1.086021505376344 1.3566901944446672
1.4946236559139785 1.2269001818662524
1.774193548387097 0.9993670733954509
1.7930107526881724 0.8455418733025151
1.53494623655914 0.8743840983199405
1.163978494623656 1.117940665133756
1.0295698924731185 1.4143746444795182
1.3682795698924735 1.4159769903138195
1.798387096774194 1.1884438818430183
1.970430107526882 0.9192497816803802
1.852150537634409 0.8038808816106782
1.5618279569892475 0.8968169400001604
1.349462365591398 1.0842914026134263
1.282258064516129 1.33746204443305
1.5376344086021505 1.4143746444795182
1.8252688172043015 1.3166315485871316
2.0618279569892475 1.018595223407068
1.9086021505376345 0.8775887899885433
1.53494623655914 0.9464896608635043
1.1827956989247315 1.1964556110145255
1.1505376344086025 1.4336027944911351
1.4543010752688175 1.4672520570114649
1.798387096774194 1.3086198194156247
1.884408602150538 1.2092743776889368
1.884408602150538 1.2092743776889368
1.89247311827957 1.2124790693575396
1.9112903225806455 1.2285025277005537
1.913978494623656 1.2429236402092665
1.9758064516129035 1.1660110401627986
2.0430107526881724 0.9833436150524368
2.0 0.8711794066513376
1.81989247311828 0.9080333608402702
1.5483870967741935 1.1019172067907417
1.4408602150537635 1.2349119110377593
1.5618279569892475 1.1980579568488268
1.817204301075269 1.0057764567326568
1.92741935483871 0.8503489108054192
1.895161290322581 0.8231090316222951
1.612903225806452 0.9817412692181355
1.413978494623656 1.1820344985058127
1.438172043010753 1.2140814151918409
1.731182795698925 1.0650632526018091
1.9327956989247315 0.8775887899885433
1.9650537634408605 0.8038808816106782
1.6505376344086025 0.968922502543724
1.3118279569892475 1.2669588277237878
1.274193548387097 1.4223863736510252
1.6397849462365595 1.3118245110842275
2.03494623655914 1.0650632526018091
2.1908602150537635 0.8904075566629548
2.0725806451612905 0.8615653316455292
1.6935483870967745 1.0169928775727666
1.370967741935484 1.268561173558089
1.381720430107527 1.417579336148121
1.7688172043010755 1.3518831569417629
2.1290322580645165 1.137168815145373
2.217741935483871 0.9320685483547915
2.045698924731183 0.8551559483083235
1.706989247311828 0.9657178108751212
1.3360215053763445 1.3230409319243372
1.3360215053763445 1.3230409319243372
1.325268817204301 1.2301048735348552
1.174731182795699 1.153192273488387
0.881720430107527 1.2717658652266919
1.131720430107527 1.406362915308011
1.1801075268817205 1.3294503152615431
1.1612903225806455 1.3246432777586388
1.110215053763441 1.3967488403022026
1.1290322580645165 1.4400121778283408
1.2795698924731185 1.406362915308011
1.5268817204301075 1.290994015238309
1.655913978494624 1.1628063484941955
1.599462365591398 1.0730749817733163
1.4112903225806455 1.0554491775960007
1.163978494623656 1.2172861068604437
1.1612903225806455 1.34867846527316
1.438172043010753 1.3582925402789685
1.7553763440860215 1.210876723523238
1.860215053763441 1.029811644247178
1.7365591397849465 0.9288638566861886
1.435483870967742 0.9993670733954509
1.1397849462365595 1.2349119110377593
1.088709677419355 1.4512285986684508
1.3682795698924735 1.4159769903138195
1.67741935483871 1.2349119110377593
1.7768817204301075 1.0506421400930963
1.6370967741935485 0.9705248483780256
1.327956989247312 1.0538468317616991
1.0403225806451615 1.379123036124887
1.3897849462365595 1.4400121778283408
1.849462365591398 1.2445259860435678
2.0752688172043015 0.9961623817268481
1.89247311827957 0.8519512566397207
1.4838709677419355 0.9641154650408199
1.14247311827957 1.2156837610261424
1.1290322580645165 1.395146494467901
1.4973118279569895 1.35989488611327
1.905913978494624 1.14518054431688
2.0752688172043015 0.9480920066978058
1.916666666666667 0.9000216316687633
1.5403225806451615 1.0714726359390148
1.263440860215054 1.2925963610726103
1.2688172043010755 1.3871347652963941
1.5188172043010755 1.3246432777586388
1.7338709677419355 1.1628063484941955
1.7553763440860215 1.1275547401395645
1.7553763440860215 1.1275547401395645
1.75 1.1387711609796745
1.741935483870968 1.1563969651569899
1.806451612903226 1.0810867109448232
1.8763440860215055 0.9480920066978058
1.8010752688172045 0.864770023314132
1.53494623655914 0.9817412692181355
1.4193548387096775 1.194853265180224
1.5188172043010755 1.3054151277470218
1.841397849462366 1.210876723523238
2.06989247311828 0.991355344223944
2.013440860215054 0.7782433482618554
1.7365591397849465 0.7990738441077738
1.456989247311828 0.9721271942123269
1.206989247311828 1.3198362402557344
1.3763440860215055 1.417579336148121
1.739247311827957 1.2557424068836778
1.935483870967742 1.0057764567326568
1.9005376344086025 0.8583606399769264
1.685483870967742 0.9304662025204902
1.4838709677419355 1.1355664693110714
1.4623655913978495 1.279777594398199
1.6612903225806455 1.2701635193923906
1.8682795698924735 1.1275547401395645
1.9086021505376345 0.991355344223944
1.78494623655914 0.9561037358693127
1.5510752688172045 1.087496094282029
1.4005376344086025 1.3438714277702557
1.5752688172043015 1.4207840278167239
1.8978494623655915 1.2941987069069119
2.0430107526881724 1.037823373418685
1.916666666666667 0.9240568191832845
1.64247311827957 0.9817412692181355
1.3575268817204305 1.2156837610261424
1.403225806451613 1.3118245110842275
1.666666666666667 1.2429236402092665
1.903225806451613 1.0041741108983553
1.873655913978495 0.8968169400001604
1.728494623655914 0.9128403983431745
1.4865591397849465 1.0939054776192347
1.3763440860215055 1.268561173558089
1.4327956989247315 1.2941987069069119
1.6908602150537635 1.0939054776192347
1.7446236559139785 0.922454473348983
1.6048387096774195 0.8583606399769264
1.1908602150537635 1.0362210275843837
0.9623655913978495 1.299005744409816
1.043010752688172 1.4336027944911351
1.4327956989247315 1.332655006930146
1.774193548387097 1.1115312817965504
1.89247311827957 0.9400802775262986
1.830645161290323 0.9080333608402702
1.4650537634408605 1.117940665133756
1.25 1.3454737736045572
1.274193548387097 1.4207840278167239
1.532258064516129 1.2941987069069119
1.720430107526882 1.0554491775960007
1.685483870967742 0.9785365775495327
1.4408602150537635 1.0634609067675078
1.362903225806452 1.1099289359622488
1.362903225806452 1.1099289359622488
1.362903225806452 1.1387711609796745
1.3682795698924735 1.2557424068836778
1.481182795698925 1.4303981028225323
1.7903225806451615 1.4800708236858762
2.0645161290322585 1.3294503152615431
2.0510752688172045 1.2172861068604437
1.7446236559139785 1.1708180776657027
1.370967741935484 1.279777594398199
1.1182795698924735 1.4896848986916846
2.048387096774194 1.3775206902905854
2.14247311827957 1.1676133859970999
1.870967741935484 1.0474374484244935
1.39247311827957 1.1195430109680573
0.991935483870968 1.3566901944446672
0.9865591397849465 1.4159769903138195
0.967741935483871 1.2861869777354047
0.752688172043011 1.153192273488387
1.502688172043011 1.4320004486568336
1.634408602150538 1.1419758526482773
1.4973118279569895 1.068267944270412
1.2553763440860215 1.153192273488387
1.1827956989247315 1.2285025277005537
1.209677419354839 1.2509353693807737
2.217741935483871 0.9496943525321071
2.0510752688172045 0.9192497816803802
1.67741935483871 0.9849459608867384
1.405913978494624 1.1788298068372098
1.4758064516129035 1.4095676069766139
1.8333333333333335 1.4143746444795182
2.1693548387096775 1.2829822860668019
2.295698924731183 1.1083265901279473
2.174731182795699 1.0442327567558907
1.8870967741935485 1.0971101692878376
1.591397849462366 1.2477306777121708
1.4623655913978495 1.4400121778283408
1.5161290322580645 1.4864802070230818
1.5833333333333335 1.4736614403486705
1.5967741935483875 1.4608426736742592
1.5967741935483875 1.4608426736742592
1.5403225806451615 1.4448192153312451
1.306451612903226 1.3887371111306954
0.9408602150537635 1.3246432777586388
1.4623655913978495 1.367906615284777
1.588709677419355 1.1980579568488268
1.4623655913978495 1.0634609067675078
1.2258064516129035 1.037823373418685
0.9973118279569895 1.1099289359622488
0.8951612903225807 1.3310526610958444
1.217741935483871 1.464047365342862
1.623655913978495 1.3775206902905854
1.9193548387096775 1.1403735068139758
1.884408602150538 0.9833436150524368
1.6048387096774195 0.9192497816803802
1.2258064516129035 0.9737295400466284
0.9112903225806452 1.1964556110145255
0.9731182795698925 1.425591065319628
1.6048387096774195 1.4608426736742592
2.0860215053763445 1.2733682110609934
2.2580645161290325 1.060256215098905
2.1720430107526885 0.9448873150292028
1.938172043010753 0.9352732400233943
1.478494623655914 1.0842914026134263
1.282258064516129 1.2669588277237878
1.4301075268817205 1.4223863736510252
1.849462365591398 1.3887371111306954
2.255376344086022 1.2140814151918409
2.3655913978494625 0.9929576900582453
2.099462365591398 0.9064310150059689
1.5860215053763445 0.968922502543724
1.153225806451613 1.1515899276540857
1.0725806451612905 1.3887371111306954
1.438172043010753 1.4448192153312451
1.8763440860215055 1.3198362402557344
2.1075268817204305 1.0810867109448232
1.970430107526882 0.9737295400466284
1.5940860215053765 0.9977647275611496
1.220430107526882 1.1403735068139758
1.053763440860215 1.3743159986219826
1.2661290322580645 1.4512285986684508
1.591397849462366 1.3470761194388585
1.774193548387097 1.1499875818197842
1.6693548387096775 0.9785365775495327
1.4112903225806455 0.9977647275611496
1.1478494623655915 1.1563969651569899
1.0618279569892475 1.3310526610958444
1.231182795698925 1.3871347652963941
1.524193548387097 1.2701635193923906
1.655913978494624 1.0826890567791247
1.6155913978494625 0.9609107733722171
1.362903225806452 0.968922502543724
1.1693548387096775 1.0890984401163304
1.131720430107527 1.2092743776889368
1.303763440860215 1.2365142568720608
1.510752688172043 1.1499875818197842
1.577956989247312 1.021799915075671
1.4865591397849465 0.9480920066978058
1.306451612903226 0.9721271942123269
1.2043010752688175 1.079484365110522
1.274193548387097 1.1612040026598942
1.4838709677419355 1.1419758526482773
1.6397849462365595 1.018595223407068
1.5833333333333335 0.9320685483547915
1.3978494623655915 0.9208521275146817
1.198924731182796 1.0121858400698625
1.134408602150538 1.153192273488387
1.3091397849462365 1.210876723523238
1.5483870967741935 1.106724244293646
1.655913978494624 0.9673201567094227
1.6048387096774195 0.8936122483315576
1.314516129032258 0.9737295400466284
1.112903225806452 1.1772274610029083
1.1290322580645165 1.3438714277702557
1.4193548387096775 1.3983511861365039
1.4193548387096775 1.3983511861365039
1.446236559139785 1.390339456964997
1.510752688172043 1.3582925402789685
1.5080645161290325 1.2493330235464721
1.413978494623656 1.206069686020334
1.2983870967741935 1.2813799402325006
1.2688172043010755 1.3967488403022026
1.3091397849462365 1.4352051403254364
1.4758064516129035 1.3470761194388585
1.521505376344086 1.2188884526947452
1.448924731182796 1.1323617776424686
1.303763440860215 1.1660110401627986
1.198924731182796 1.3182338944214331
1.3225806451612905 1.4688544028457664
1.6182795698924735 1.4143746444795182
1.881720430107527 1.2317072193691565
1.905913978494624 1.018595223407068
1.6935483870967745 0.9769342317152312
1.28494623655914 1.148385235985483
1.1263440860215055 1.3406667361016529
1.2258064516129035 1.452830944502752
1.6397849462365595 1.3775206902905854
1.9623655913978495 1.175625115168607
2.077956989247312 0.9993670733954509
2.013440860215054 0.9352732400233943
1.6720430107526885 1.0458351025901922
1.4543010752688175 1.233309565203458
1.4623655913978495 1.3534855027760642
1.6612903225806455 1.3470761194388585
1.967741935483871 1.1419758526482773
2.0215053763440864 0.9705248483780256
1.948924731182796 0.9144427441774758
1.53494623655914 1.037823373418685
1.3333333333333335 1.233309565203458
1.3682795698924735 1.3919418027992982
1.6693548387096775 1.4271934111539295
2.0618279569892475 1.2445259860435678
2.1290322580645165 1.068267944270412
2.002688172043011 0.9881506525553412
1.620967741935484 1.1147359734651532
1.3763440860215055 1.2893916694040075
1.4086021505376345 1.4384098319940395
1.6908602150537635 1.4320004486568336
1.9973118279569895 1.2877893235697062
2.120967741935484 1.106724244293646
2.045698924731183 0.9961623817268481
1.8010752688172045 1.0554491775960007
1.5618279569892475 1.2605494443865821
1.591397849462366 1.3887371111306954
1.8333333333333335 1.4031582236394082
2.1075268817204305 1.2829822860668019
2.2258064516129035 1.1163383192994545
2.1290322580645165 0.9993670733954509
1.7553763440860215 1.010583494235561
1.491935483870968 1.1195430109680573
1.413978494623656 1.2285025277005537
1.567204301075269 1.299005744409816
1.870967741935484 1.2477306777121708
2.0860215053763445 1.0426304109215894
2.037634408602151 0.9192497816803802
1.763440860215054 0.9208521275146817
1.435483870967742 1.0810867109448232
1.3091397849462365 1.3182338944214331
1.4973118279569895 1.3887371111306954
1.89247311827957 1.2653564818894862
2.03494623655914 1.0987125151221389
1.991935483870968 1.0121858400698625
1.7768817204301075 1.049039794258795
1.556451612903226 1.1692157318314014
1.556451612903226 1.1692157318314014
1.5483870967741935 1.1996603026831283
1.53494623655914 1.2974033985755147
1.545698924731183 1.379123036124887
1.5967741935483875 1.3807253819591883
1.709677419354839 1.2958010527412132
1.7553763440860215 1.1980579568488268
1.7123655913978495 1.175625115168607
1.6075268817204305 1.2477306777121708
1.5833333333333335 1.3454737736045572
1.696236559139785 1.3967488403022026
1.849462365591398 1.3246432777586388
1.905913978494624 1.1788298068372098
1.8010752688172045 1.1147359734651532
1.5268817204301075 1.1964556110145255
1.362903225806452 1.3406667361016529
1.416666666666667 1.464047365342862
1.7903225806451615 1.3855324194620926
2.077956989247312 1.206069686020334
2.1505376344086025 1.076279673441919
1.9220430107526885 1.0618585609332063
1.6263440860215055 1.222093144363348
1.4327956989247315 1.4352051403254364
1.524193548387097 1.4672520570114649
1.7688172043010755 1.2701635193923906
1.827956989247312 1.0939054776192347
1.741935483870968 1.0009694192297525
1.521505376344086 1.0362210275843837
1.3575268817204305 1.1820344985058127
1.3682795698924735 1.3358596985987488
1.5967741935483875 1.3422690819359544
1.881720430107527 1.1660110401627986
1.916666666666667 1.026606952578575
1.741935483870968 0.980138923383834
1.3467741935483875 1.1403735068139758
1.1397849462365595 1.3358596985987488
1.1586021505376345 1.4608426736742592
1.502688172043011 1.4352051403254364
1.782258064516129 1.2557424068836778
1.849462365591398 1.021799915075671
1.698924731182796 0.9657178108751212
1.3575268817204305 1.1387711609796745
1.17741935483871 1.3454737736045572
1.231182795698925 1.4864802070230818
1.459677419354839 1.4352051403254364
1.709677419354839 1.1852391901744155
1.685483870967742 0.9961623817268481
1.4408602150537635 0.9977647275611496
1.196236559139785 1.1563969651569899
1.088709677419355 1.3278479694272416
1.1827956989247315 1.4384098319940395
1.416666666666667 1.3759183444562841
1.610215053763441 1.1980579568488268
1.666666666666667 1.076279673441919
1.64247311827957 1.0538468317616991
1.448924731182796 1.2252978360319509
1.39247311827957 1.3887371111306954
1.524193548387097 1.4736614403486705
1.8333333333333335 1.3855324194620926
1.978494623655914 1.2092743776889368
1.9516129032258065 1.0778820192762204
1.7768817204301075 1.0538468317616991
1.521505376344086 1.1708180776657027
1.3763440860215055 1.3278479694272416
1.3897849462365595 1.3967488403022026
1.6182795698924735 1.3070174735813231
1.8252688172043015 1.1115312817965504
1.8763440860215055 0.9480920066978058
1.720430107526882 0.8904075566629548
1.325268817204301 1.0458351025901922
1.134408602150538 1.3054151277470218
1.2580645161290325 1.4143746444795182
1.655913978494624 1.3198362402557344
1.903225806451613 1.1147359734651532
1.9086021505376345 0.9240568191832845
1.6908602150537635 0.9176474358460789
1.3897849462365595 1.076279673441919
1.1827956989247315 1.3310526610958444
1.3118279569892475 1.4592403278399577
1.739247311827957 1.3967488403022026
2.0215053763440864 1.1852391901744155
2.080645161290323 1.0041741108983553
1.849462365591398 0.9641154650408199
1.5510752688172045 1.1147359734651532
1.362903225806452 1.2941987069069119
1.3333333333333335 1.395146494467901
1.3548387096774195 1.4079652611423124
1.3548387096774195 1.4079652611423124
1.403225806451613 1.4079652611423124
1.5967741935483875 1.3470761194388585
1.739247311827957 1.2349119110377593
1.7365591397849465 1.1147359734651532
1.6263440860215055 1.0810867109448232
1.384408602150538 1.1772274610029083
1.282258064516129 1.3182338944214331
1.3897849462365595 1.4384098319940395
1.720430107526882 1.3759183444562841
1.913978494623656 1.2044673401860324
1.9435483870967745 1.0522444859273978
1.7580645161290325 0.991355344223944
1.4973118279569895 1.0971101692878376
1.293010752688172 1.3230409319243372
1.3333333333333335 1.4271934111539295
1.591397849462366 1.3550878486103657
1.8118279569892475 1.1788298068372098
1.884408602150538 1.0474374484244935
1.827956989247312 1.0089811484012596
1.543010752688172 1.1147359734651532
1.3897849462365595 1.268561173558089
1.424731182795699 1.395146494467901
1.720430107526882 1.3775206902905854
1.9327956989247315 1.2092743776889368
1.970430107526882 1.0394257192529865
1.8225806451612905 0.9625131192065184
1.577956989247312 1.0506421400930963
1.3897849462365595 1.2204907985290467
1.3897849462365595 1.3630995777818729
1.6908602150537635 1.3775206902905854
1.989247311827957 1.1964556110145255
2.1048387096774195 1.0089811484012596
2.0 0.911238052508873
1.720430107526882 0.9945600358925468
1.543010752688172 1.1692157318314014
1.545698924731183 1.2974033985755147
1.8037634408602155 1.3086198194156247
2.010752688172043 1.1579993109912914
1.9865591397849465 1.0442327567558907
1.841397849462366 1.0169928775727666
1.6048387096774195 1.1307594318081673
1.553763440860215 1.2285025277005537
1.631720430107527 1.2317072193691565
1.741935483870968 1.1547946193226886
1.7338709677419355 1.090700785950632
1.6478494623655915 1.0810867109448232
1.5483870967741935 1.1323617776424686
1.567204301075269 1.1612040026598942
1.655913978494624 1.14518054431688
1.7123655913978495 1.0987125151221389
1.685483870967742 1.0570515234303022
1.6263440860215055 1.076279673441919
1.599462365591398 1.1275547401395645
1.653225806451613 1.164408694328497
1.760752688172043 1.14518054431688
1.8010752688172045 1.0810867109448232
1.7150537634408605 1.0394257192529865
1.5618279569892475 1.076279673441919
1.42741935483871 1.1900462276773196
1.4623655913978495 1.2589470985522806
1.623655913978495 1.2493330235464721
1.806451612903226 1.153192273488387
1.809139784946237 1.090700785950632
1.67741935483871 1.087496094282029
1.491935483870968 1.1788298068372098
1.4193548387096775 1.2893916694040075
1.510752688172043 1.3198362402557344
1.510752688172043 1.3198362402557344
1.5080645161290325 1.3454737736045572
1.5053763440860215 1.425591065319628
1.5268817204301075 1.4656497111771636
1.6263440860215055 1.4111699528109154
1.774193548387097 1.2829822860668019
1.7795698924731185 1.1275547401395645
1.6263440860215055 1.068267944270412
1.341397849462366 1.1019172067907417
1.206989247311828 1.2044673401860324
1.3091397849462365 1.3358596985987488
1.674731182795699 1.3198362402557344
1.935483870967742 1.1499875818197842
2.002688172043011 0.9881506525553412
1.8225806451612905 0.9144427441774758
1.5 0.9945600358925468
1.196236559139785 1.202864994351731
1.2150537634408605 1.332655006930146
1.5268817204301075 1.3582925402789685
1.827956989247312 1.1964556110145255
1.991935483870968 0.9448873150292028
1.884408602150538 0.8743840983199405
1.620967741935484 0.9897529983896425
1.327956989247312 1.2477306777121708
1.3010752688172045 1.3839300736277913
1.459677419354839 1.4336027944911351
1.7768817204301075 1.3070174735813231
1.905913978494624 1.1339641234767701
1.830645161290323 1.0041741108983553
1.543010752688172 1.0234022609099722
1.3548387096774195 1.1307594318081673
1.3225806451612905 1.2509353693807737
1.524193548387097 1.2861869777354047
1.7768817204301075 1.1852391901744155
1.8790322580645165 0.9929576900582453
1.741935483870968 0.9160450900117774
1.39247311827957 0.9785365775495327
1.112903225806452 1.1772274610029083
1.153225806451613 1.310222165249926
1.502688172043011 1.332655006930146
1.763440860215054 1.210876723523238
1.8682795698924735 1.0474374484244935
1.7446236559139785 0.980138923383834
1.384408602150538 1.0554491775960007
1.1693548387096775 1.1900462276773196
1.174731182795699 1.3454737736045572
1.438172043010753 1.3775206902905854
1.8252688172043015 1.2012626485174296
1.948924731182796 1.0057764567326568
1.8870967741935485 0.9144427441774758
1.5403225806451615 0.9657178108751212
1.155913978494624 1.1740227693343055
1.0698924731182795 1.3182338944214331
1.3118279569892475 1.3919418027992982
1.720430107526882 1.2829822860668019
2.1397849462365595 0.9785365775495327
2.185483870967742 0.8118926107821853
1.959677419354839 0.8311207607938023
1.5295698924731185 1.0153905317384653
1.3548387096774195 1.183636844340114
1.446236559139785 1.2557424068836778
1.717741935483871 1.2317072193691565
1.717741935483871 1.2317072193691565
1.706989247311828 1.2589470985522806
1.685483870967742 1.33746204443305
1.720430107526882 1.3759183444562841
1.8548387096774195 1.2941987069069119
1.8870967741935485 1.1467828901511814
1.5483870967741935 1.0778820192762204
1.198924731182796 1.1435781984825786
1.03494623655914 1.3182338944214331
1.1612903225806455 1.417579336148121
1.5403225806451615 1.3967488403022026
1.741935483870968 1.2877893235697062
1.7231182795698925 1.1596016568255927
1.5645161290322585 1.1563969651569899
1.448924731182796 1.2381166027063621
1.424731182795699 1.299005744409816
1.532258064516129 1.268561173558089
1.602150537634409 1.1596016568255927
1.5 1.0570515234303022
1.3467741935483875 1.068267944270412
1.263440860215054 1.164408694328497
1.3467741935483875 1.2477306777121708
1.56989247311828 1.2365142568720608
1.653225806451613 1.14518054431688
1.5860215053763445 1.0474374484244935
1.478494623655914 1.0538468317616991
1.39247311827957 1.1579993109912914
1.4112903225806455 1.2204907985290467
1.559139784946237 1.2236954901976496
1.6182795698924735 1.1419758526482773
1.5188172043010755 1.0570515234303022
1.3548387096774195 1.068267944270412
1.196236559139785 1.194853265180224
1.2473118279569895 1.2733682110609934
1.502688172043011 1.2733682110609934
1.8333333333333335 1.1243500484709616
1.9112903225806455 0.9961623817268481
1.728494623655914 0.9464896608635043
1.456989247311828 1.0554491775960007
1.220430107526882 1.2845846319011034
1.2365591397849465 1.3999535319708054
1.5268817204301075 1.3967488403022026
1.78494623655914 1.2429236402092665
1.852150537634409 1.0442327567558907
1.6290322580645165 0.9849459608867384
1.327956989247312 1.0923031317849332
1.1182795698924735 1.2509353693807737
1.1290322580645165 1.3887371111306954
1.3440860215053765 1.406362915308011
1.631720430107527 1.2445259860435678
1.7553763440860215 0.9833436150524368
1.728494623655914 0.9609107733722171
1.470430107526882 1.106724244293646
1.2688172043010755 1.2717658652266919
1.2580645161290325 1.3614972319475713
1.502688172043011 1.3086198194156247
1.7338709677419355 1.1339641234767701
1.7795698924731185 0.922454473348983
1.53494623655914 0.8615653316455292
1.271505376344086 0.991355344223944
1.1586021505376345 1.233309565203458
1.3440860215053765 1.3566901944446672
1.798387096774194 1.3006080902441175
2.077956989247312 1.1163383192994545
2.1155913978494625 0.9416826233605999
1.935483870967742 0.9272615108518873
1.612903225806452 1.106724244293646
1.4543010752688175 1.233309565203458
1.4543010752688175 1.233309565203458
1.4838709677419355 1.233309565203458
1.602150537634409 1.2044673401860324
1.720430107526882 1.0987125151221389
1.6935483870967745 0.9577060817036143
1.5510752688172045 0.9016239775030646
1.3360215053763445 0.9256591650175858
1.220430107526882 1.0362210275843837
1.3467741935483875 1.1099289359622488
1.610215053763441 1.0730749817733163
1.827956989247312 0.9192497816803802
1.771505376344086 0.8038808816106782
1.4973118279569895 0.853553602474022
1.282258064516129 1.007378802566958
1.2043010752688175 1.1660110401627986
1.3467741935483875 1.2076720318546352
1.5833333333333335 1.1339641234767701
1.752688172043011 0.9833436150524368
1.75 0.864770023314132
1.5860215053763445 0.8663723691484335
1.384408602150538 1.0153905317384653
1.271505376344086 1.1916485735116211
1.317204301075269 1.2381166027063621
1.510752688172043 1.1932509193459226
1.717741935483871 1.0057764567326568
1.6908602150537635 0.8839981733257489
1.5 0.8615653316455292
1.314516129032258 0.9785365775495327
1.2043010752688175 1.1740227693343055
1.274193548387097 1.2669588277237878
1.567204301075269 1.2269001818662524
1.7768817204301075 1.068267944270412
1.8145161290322585 0.9160450900117774
1.67741935483871 0.9016239775030646
1.314516129032258 1.0714726359390148
1.1182795698924735 1.2381166027063621
1.123655913978495 1.3502808111074613
1.4543010752688175 1.3038127819127203
1.709677419354839 1.1547946193226886
1.798387096774194 1.0089811484012596
1.6935483870967745 0.9865483067210397
1.4193548387096775 1.1323617776424686
1.271505376344086 1.2925963610726103
1.338709677419355 1.34867846527316
1.6693548387096775 1.3006080902441175
1.9327956989247315 1.1724204235000042
2.0618279569892475 1.021799915075671
1.9650537634408605 0.9705248483780256
1.663978494623656 1.0426304109215894
1.405913978494624 1.2156837610261424
1.3870967741935485 1.3310526610958444
1.655913978494624 1.3759183444562841
1.948924731182796 1.2493330235464721
2.1182795698924735 1.0057764567326568
2.077956989247312 0.9192497816803802
1.7661290322580645 0.991355344223944
1.4408602150537635 1.1772274610029083
1.263440860215054 1.3871347652963941
1.467741935483871 1.4624450195085605
1.774193548387097 1.3550878486103657
2.0322580645161294 1.1019172067907417
2.024193548387097 0.9577060817036143
1.787634408602151 0.9272615108518873
1.5 1.0458351025901922
1.2688172043010755 1.2429236402092665
1.295698924731183 1.3438714277702557
1.553763440860215 1.3038127819127203
1.760752688172043 1.1579993109912914
1.817204301075269 1.0346186817500822
1.806451612903226 1.021799915075671
1.806451612903226 1.021799915075671
1.8010752688172045 1.0362210275843837
1.827956989247312 1.0842914026134263
2.0215053763440864 1.0858937484477276
2.298387096774194 0.9625131192065184
2.3467741935483875 0.8295184149595007
2.14247311827957 0.7477987774101285
1.8145161290322585 0.8583606399769264
1.6075268817204305 1.079484365110522
1.5967741935483875 1.2813799402325006
1.7688172043010755 1.2941987069069119
2.0322580645161294 1.1291570859738658
2.120967741935484 0.980138923383834
2.0215053763440864 0.8968169400001604
1.7016129032258065 0.9641154650408199
1.4865591397849465 1.1131336276308517
1.4301075268817205 1.2845846319011034
1.612903225806452 1.32624562359294
1.967741935483871 1.1916485735116211
2.0860215053763445 0.980138923383834
1.92741935483871 0.8968169400001604
1.56989247311828 0.991355344223944
1.341397849462366 1.1916485735116211
1.3655913978494625 1.3695089611190785
1.6263440860215055 1.3647019236161742
2.0 1.1547946193226886
2.1397849462365595 0.9737295400466284
2.080645161290323 0.8839981733257489
1.7580645161290325 0.9641154650408199
1.3682795698924735 1.1900462276773196
1.2903225806451615 1.33746204443305
1.545698924731183 1.3887371111306954
1.849462365591398 1.2493330235464721
2.0 1.0057764567326568
1.89247311827957 0.9192497816803802
1.556451612903226 1.0169928775727666
1.2903225806451615 1.2044673401860324
1.209677419354839 1.3502808111074613
1.467741935483871 1.3727136527876813
1.903225806451613 1.222093144363348
2.091397849462366 1.037823373418685
2.0215053763440864 0.9096357066745717
1.8010752688172045 0.9272615108518873
1.5268817204301075 1.1019172067907417
1.4435483870967745 1.233309565203458
1.56989247311828 1.2941987069069119
1.7688172043010755 1.2269001818662524
1.8010752688172045 1.1323617776424686
1.6908602150537635 1.0778820192762204
1.4758064516129035 1.1387711609796745
1.384408602150538 1.2124790693575396
1.4623655913978495 1.2589470985522806
1.645161290322581 1.2172861068604437
1.7688172043010755 1.076279673441919
1.7338709677419355 0.9929576900582453
1.6586021505376345 1.0041741108983553
1.5940860215053765 1.0538468317616991
1.5725806451612905 1.079484365110522
1.56989247311828 1.079484365110522
1.556451612903226 1.079484365110522
1.521505376344086 1.0778820192762204
1.4973118279569895 1.0810867109448232
1.4946236559139785 1.0971101692878376
1.5618279569892475 1.106724244293646
1.591397849462366 1.1035195526250432
1.591397849462366 1.1035195526250432
1.53494623655914 1.1195430109680573
1.325268817204301 1.2156837610261424
1.0618279569892475 1.4047605694737095
1.0510752688172045 1.4864802070230818
1.3682795698924735 1.4672520570114649
1.760752688172043 1.299005744409816
1.8897849462365595 1.1419758526482773
1.728494623655914 1.021799915075671
1.3548387096774195 1.087496094282029
1.088709677419355 1.2429236402092665
1.0107526881720432 1.417579336148121
1.3333333333333335 1.4496262528341493
1.709677419354839 1.299005744409816
1.798387096774194 1.1323617776424686
1.64247311827957 1.0009694192297525
1.282258064516129 1.0586538692646035
1.045698924731183 1.1916485735116211
0.9892473118279572 1.3182338944214331
1.2446236559139785 1.3711113069533798
1.5618279569892475 1.2397189485406637
1.666666666666667 1.0650632526018091
1.591397849462366 0.9625131192065184
1.413978494623656 1.010583494235561
1.14247311827957 1.2044673401860324
1.0591397849462365 1.3919418027992982
1.2365591397849465 1.4384098319940395
1.591397849462366 1.2877893235697062
1.8118279569892475 1.0730749817733163
1.870967741935484 0.8807934816571461
1.6505376344086025 0.8711794066513376
1.3575268817204305 1.0121858400698625
1.1827956989247315 1.2172861068604437
1.3118279569892475 1.3070174735813231
1.760752688172043 1.2621517902208834
2.077956989247312 1.0698702901047135
2.102150537634409 0.9657178108751212
1.8870967741935485 0.9432849691949015
1.591397849462366 1.0746773276076176
1.491935483870968 1.194853265180224
1.591397849462366 1.2813799402325006
1.884408602150538 1.2140814151918409
2.0322580645161294 1.0650632526018091
1.981182795698925 0.9320685483547915
1.663978494623656 0.9352732400233943
1.263440860215054 1.087496094282029
1.131720430107527 1.2172861068604437
1.330645161290323 1.3150292027528303
1.698924731182796 1.2781752485638977
2.010752688172043 1.1035195526250432
2.03494623655914 0.9929576900582453
1.75 0.9657178108751212
1.28494623655914 1.14518054431688
1.155913978494624 1.2861869777354047
1.325268817204301 1.3887371111306954
1.653225806451613 1.3342573527644472
1.9112903225806455 1.1499875818197842
1.9301075268817205 0.9192497816803802
1.798387096774194 0.8551559483083235
1.5295698924731185 0.9865483067210397
1.3548387096774195 1.1708180776657027
1.360215053763441 1.34867846527316
1.588709677419355 1.3855324194620926
1.795698924731183 1.2701635193923906
1.924731182795699 1.1083265901279473
1.8790322580645165 0.980138923383834
1.6908602150537635 0.9641154650408199
1.325268817204301 1.1003148609564404
1.163978494623656 1.2477306777121708
1.3091397849462365 1.3711113069533798
1.7338709677419355 1.3038127819127203
1.970430107526882 1.137168815145373
1.991935483870968 0.9625131192065184
1.728494623655914 0.9400802775262986
1.4623655913978495 1.0714726359390148
1.3198924731182795 1.2381166027063621
1.4327956989247315 1.2861869777354047
1.5752688172043015 1.2317072193691565
1.634408602150538 1.1884438818430183
1.634408602150538 1.1884438818430183
1.645161290322581 1.1708180776657027
1.620967741935484 1.1035195526250432
1.4973118279569895 1.0810867109448232
1.370967741935484 1.1708180776657027
1.317204301075269 1.33746204443305
1.446236559139785 1.425591065319628
1.612903225806452 1.3855324194620926
1.6908602150537635 1.2172861068604437
1.591397849462366 1.106724244293646
1.3467741935483875 1.1003148609564404
1.056451612903226 1.2861869777354047
1.0161290322580647 1.4384098319940395
1.274193548387097 1.4672520570114649
1.634408602150538 1.2557424068836778
1.774193548387097 1.0089811484012596
1.706989247311828 0.922454473348983
1.3548387096774195 0.991355344223944
0.9489247311827957 1.222093144363348
0.860215053763441 1.3887371111306954
1.153225806451613 1.4816731695201777
1.5403225806451615 1.3935441486335998
1.870967741935484 1.14518054431688
1.9005376344086025 0.9881506525553412
1.685483870967742 0.9432849691949015
1.341397849462366 1.0923031317849332
1.174731182795699 1.241321294374965
1.2258064516129035 1.34867846527316
1.5618279569892475 1.2877893235697062
1.7768817204301075 1.1163383192994545
1.787634408602151 0.911238052508873
1.56989247311828 0.853553602474022
1.306451612903226 0.9737295400466284
1.134408602150538 1.202864994351731
1.209677419354839 1.332655006930146
1.5618279569892475 1.3246432777586388
1.881720430107527 1.106724244293646
1.956989247311828 0.9657178108751212
1.852150537634409 0.9304662025204902
1.513440860215054 1.0746773276076176
1.303763440860215 1.2172861068604437
1.3467741935483875 1.3406667361016529
1.6827956989247315 1.3166315485871316
1.92741935483871 1.1852391901744155
2.0053763440860215 1.0394257192529865
1.798387096774194 0.9448873150292028
1.4838709677419355 1.0234022609099722
1.196236559139785 1.2124790693575396
1.166666666666667 1.3566901944446672
1.166666666666667 1.3566901944446672
1.1827956989247315 1.321438586090036
1.1048387096774195 1.1964556110145255
0.7553763440860217 1.2381166027063621
1.338709677419355 1.252537715215075
1.3870967741935485 1.2365142568720608
1.5833333333333335 1.1419758526482773
1.698924731182796 1.0169928775727666
1.5645161290322585 0.9545013900350114
1.341397849462366 0.9721271942123269
1.1612903225806455 1.079484365110522
1.1827956989247315 1.202864994351731
1.4516129032258065 1.1980579568488268
1.7123655913978495 1.0730749817733163
1.774193548387097 0.9993670733954509
1.7580645161290325 0.9865483067210397
1.6263440860215055 1.0842914026134263
1.513440860215054 1.2076720318546352
1.580645161290323 1.2301048735348552
1.741935483870968 1.1547946193226886
1.870967741935484 1.0426304109215894
1.849462365591398 1.0169928775727666
1.6505376344086025 1.0842914026134263
1.4408602150537635 1.2204907985290467
1.446236559139785 1.268561173558089
1.645161290322581 1.2188884526947452
1.905913978494624 1.0426304109215894
1.9758064516129035 0.9737295400466284
1.8790322580645165 0.9865483067210397
1.6263440860215055 1.153192273488387
1.5053763440860215 1.310222165249926
1.6182795698924735 1.3470761194388585
1.9408602150537635 1.222093144363348
2.1720430107526885 1.0250046067442737
2.174731182795699 0.9528990442007099
1.970430107526882 0.968922502543724
1.67741935483871 1.148385235985483
1.5483870967741935 1.3118245110842275
1.631720430107527 1.425591065319628
1.978494623655914 1.3342573527644472
2.255376344086022 1.076279673441919
2.2715053763440864 0.9320685483547915
2.013440860215054 0.8920099024972561
1.698924731182796 0.9865483067210397
1.448924731182796 1.1660110401627986
1.438172043010753 1.2717658652266919
1.7338709677419355 1.2861869777354047
2.099462365591398 1.090700785950632
2.198924731182796 0.9272615108518873
2.045698924731183 0.8551559483083235
1.634408602150538 0.9993670733954509
1.327956989247312 1.194853265180224
1.2231182795698925 1.3839300736277913
1.3870967741935485 1.4271934111539295
1.760752688172043 1.2781752485638977
1.9623655913978495 1.060256215098905
1.938172043010753 0.8711794066513376
1.75 0.8567582941426248
1.4327956989247315 1.0250046067442737
1.2688172043010755 1.202864994351731
1.3225806451612905 1.3534855027760642
1.610215053763441 1.35989488611327
1.841397849462366 1.1932509193459226
1.884408602150538 1.0778820192762204
1.8225806451612905 1.037823373418685
1.6048387096774195 1.1003148609564404
1.384408602150538 1.2172861068604437
1.352150537634409 1.279777594398199
1.567204301075269 1.2958010527412132
1.8467741935483875 1.1499875818197842
1.935483870967742 0.9785365775495327
1.8225806451612905 0.8631676774798307
1.4973118279569895 0.9432849691949015
1.2043010752688175 1.153192273488387
1.174731182795699 1.2974033985755147
1.3655913978494625 1.3967488403022026
1.467741935483871 1.4015558778051067
1.467741935483871 1.4015558778051067
1.467741935483871 1.3935441486335998
1.467741935483871 1.3887371111306954
1.4650537634408605 1.464047365342862
1.9112903225806455 1.4031582236394082
1.9946236559139785 1.1788298068372098
1.827956989247312 1.0698702901047135
1.53494623655914 1.1195430109680573
1.220430107526882 1.3182338944214331
1.1586021505376345 1.5153224320405074
1.4516129032258065 1.5265388528806174
1.884408602150538 1.2573447527179793
1.9220430107526885 1.0650632526018091
1.7123655913978495 1.0201975692413694
1.4758064516129035 1.148385235985483
1.2903225806451615 1.3438714277702557
1.3897849462365595 1.4143746444795182
1.6612903225806455 1.2958010527412132
1.7553763440860215 1.14518054431688
1.6478494623655915 1.0346186817500822
1.4112903225806455 1.1099289359622488
1.271505376344086 1.2845846319011034
1.395161290322581 1.3502808111074613
1.774193548387097 1.2445259860435678
1.9408602150537635 1.0426304109215894
1.830645161290323 0.9448873150292028
1.5295698924731185 1.0250046067442737
1.370967741935484 1.2349119110377593
1.403225806451613 1.3070174735813231
1.612903225806452 1.2172861068604437
1.709677419354839 1.0650632526018091
1.720430107526882 0.9881506525553412
1.663978494623656 1.0714726359390148
1.6478494623655915 1.1916485735116211
1.7123655913978495 1.2012626485174296
1.838709677419355 1.1147359734651532
1.8145161290322585 1.0474374484244935
1.7150537634408605 1.0618585609332063
1.6505376344086025 1.1435781984825786
1.655913978494624 1.1820344985058127
1.666666666666667 1.1724204235000042
1.6693548387096775 1.1467828901511814
1.6048387096774195 1.153192273488387
1.580645161290323 1.2252978360319509
1.674731182795699 1.2733682110609934
1.8118279569892475 1.2188884526947452
1.89247311827957 1.0858937484477276
1.7580645161290325 1.0169928775727666
1.5403225806451615 1.0810867109448232
1.4005376344086025 1.1964556110145255
1.4193548387096775 1.268561173558089
1.6612903225806455 1.183636844340114
1.806451612903226 1.0346186817500822
1.75 0.9400802775262986
1.4865591397849465 0.9865483067210397
1.17741935483871 1.164408694328497
1.145161290322581 1.2541400610493765
1.4408602150537635 1.1852391901744155
1.645161290322581 1.0442327567558907
1.591397849462366 0.9192497816803802
1.2768817204301075 0.9849459608867384
1.0403225806451615 1.2204907985290467
1.053763440860215 1.3358596985987488
1.3897849462365595 1.3118245110842275
1.752688172043011 1.1163383192994545
1.8225806451612905 0.9753318858809299
1.663978494623656 0.9817412692181355
1.362903225806452 1.1708180776657027
1.260752688172043 1.3534855027760642
1.5618279569892475 1.3807253819591883
1.881720430107527 1.2445259860435678
2.013440860215054 1.0394257192529865
1.8010752688172045 0.9737295400466284
1.4838709677419355 1.0923031317849332
2.645161290322581 1.1163383192994545
2.4865591397849465 1.0810867109448232
2.8252688172043015 1.1147359734651532
2.970430107526882 1.1307594318081673
2.9865591397849465 1.1403735068139758
3.067204301075269 1.1916485735116211
3.096774193548387 1.202864994351731
3.10752688172043 1.1804321526715111
3.110215053763441 1.1163383192994545
3.10483870967742 1.0522444859273978
3.075268817204301 1.0346186817500822
2.938172043010753 1.0362210275843837
2.873655913978495 1.0410280650872878
2.8682795698924735 1.0506421400930963
2.881720430107527 1.1355664693110714
2.9784946236559144 1.1868415360087168
3.043010752688172 1.1788298068372098
3.072580645161291 1.1403735068139758
3.075268817204301 1.1195430109680573
3.026881720430108 1.1147359734651532
2.9112903225806455 1.1227477026366601
2.8978494623655915 1.1275547401395645
2.9892473118279574 1.153192273488387
3.0295698924731185 1.153192273488387
3.0188172043010755 1.1147359734651532
2.981182795698925 1.076279673441919
2.959677419354839 1.068267944270412
2.948924731182796 1.079484365110522
3.0107526881720434 1.1227477026366601
3.053763440860215 1.1275547401395645
3.067204301075269 1.1019172067907417
3.045698924731183 1.0650632526018091
3.005376344086022 1.0538468317616991
2.983870967741936 1.079484365110522
3.016129032258065 1.1147359734651532
3.067204301075269 1.1275547401395645
3.102150537634409 1.106724244293646
3.099462365591398 1.0554491775960007
3.06989247311828 1.037823373418685
2.991935483870968 1.0426304109215894
2.9462365591397854 1.117940665133756
2.9784946236559144 1.1612040026598942
3.016129032258065 1.1628063484941955
3.0188172043010755 1.1419758526482773
2.9758064516129035 1.1291570859738658
2.895161290322581 1.1307594318081673
2.8548387096774195 1.1435781984825786
2.852150537634409 1.153192273488387
2.9086021505376345 1.153192273488387
2.938172043010753 1.1147359734651532
2.916666666666667 1.068267944270412
2.8763440860215055 1.0426304109215894
2.862903225806452 1.0426304109215894
2.8655913978494625 1.0586538692646035
2.9435483870967745 1.0746773276076176
3.0107526881720434 1.068267944270412
3.013440860215054 1.0442327567558907
2.96236559139785 1.029811644247178
2.9112903225806455 1.033016335915781
2.903225806451613 1.0538468317616991
2.9865591397849465 1.0971101692878376
3.064516129032258 1.1099289359622488
3.072580645161291 1.1019172067907417
3.056451612903226 1.0890984401163304
3.005376344086022 1.0858937484477276
2.9758064516129035 1.0923031317849332
2.9865591397849465 1.125952394305263
3.032258064516129 1.1339641234767701
3.059139784946237 1.1163383192994545
3.03494623655914 1.0858937484477276
2.9892473118279574 1.068267944270412
2.9543010752688175 1.0714726359390148
2.9112903225806455 1.1195430109680573
2.9435483870967745 1.153192273488387
2.9892473118279574 1.164408694328497
2.9973118279569895 1.1419758526482773
2.970430107526882 1.1275547401395645
2.92741935483871 1.125952394305263
2.895161290322581 1.1387711609796745
2.881720430107527 1.1515899276540857
2.9354838709677424 1.1612040026598942
2.9462365591397854 1.1596016568255927
2.9462365591397854 1.1596016568255927
2.9650537634408605 1.153192273488387
3.037634408602151 1.1035195526250432
3.040322580645162 1.0394257192529865
3.005376344086022 1.0121858400698625
2.9758064516129035 1.0153905317384653
2.96236559139785 1.049039794258795
2.973118279569893 1.0746773276076176
3.032258064516129 1.0923031317849332
3.088709677419355 1.0923031317849332
3.088709677419355 1.0730749817733163
3.053763440860215 1.060256215098905
3.013440860215054 1.0586538692646035
2.991935483870968 1.0634609067675078
2.981182795698925 1.0746773276076176
3.024193548387097 1.1019172067907417
3.094086021505377 1.106724244293646
3.099462365591398 1.0939054776192347
3.03494623655914 1.0730749817733163
2.991935483870968 1.0698702901047135
2.9758064516129035 1.0746773276076176
3.0000000000000004 1.1051218984593445
3.059139784946237 1.125952394305263
3.094086021505377 1.1211453568023588
3.06989247311828 1.0987125151221389
3.0188172043010755 1.0858937484477276
2.9758064516129035 1.087496094282029
2.9543010752688175 1.1147359734651532
2.994623655913979 1.1307594318081673
3.053763440860215 1.1243500484709616
3.056451612903226 1.1147359734651532
3.002688172043011 1.1019172067907417
2.959677419354839 1.1019172067907417
2.940860215053764 1.1147359734651532
2.938172043010753 1.1563969651569899
2.9784946236559144 1.1788298068372098
3.0080645161290325 1.1660110401627986
2.991935483870968 1.14518054431688
2.959677419354839 1.1291570859738658
2.884408602150538 1.125952394305263
2.8548387096774195 1.1355664693110714
2.8790322580645165 1.1563969651569899
2.924731182795699 1.1547946193226886
2.92741935483871 1.1275547401395645
2.8897849462365595 1.1019172067907417
2.809139784946237 1.0858937484477276
2.723118279569893 1.0923031317849332
2.696236559139785 1.1003148609564404
