1.021505376344086 0.9859478061370808
1.021505376344086 0.990864025564341
1.021505376344086 1.0564136179278136
1.021505376344086 1.1121307714367652
1.021505376344086 1.1645704453275432
1.021505376344086 1.1875128026547586
1.021505376344086 1.210455159981974
1.0232974910394266 1.2317587775001027
1.0232974910394266 1.2350362571182762
1.0259856630824373 1.2317587775001027
1.0376344086021505 1.2022614609365398
1.0474910394265233 1.1760416239911509
1.0618279569892475 1.1449055676185016
1.0689964157706093 1.131795649145807
1.07168458781362 1.1268794297185465
1.0743727598566308 1.1301569093367203
1.0878136200716846 1.158015486091196
1.1003584229390682 1.1907902822729322
1.114695340501792 1.2301200376910157
1.124551971326165 1.244868695972797
1.1308243727598566 1.262894833872752
1.1335125448028673 1.2661723134909255
1.1335125448028673 1.2694497931090993
1.1335125448028673 1.2678110533000124
1.1335125448028673 1.2645335736818388
1.135304659498208 1.246507435781884
1.1344086021505377 1.210455159981974
1.131720430107527 1.1793191036093245
1.125448028673835 1.139989348191241
1.1182795698924732 1.097382113154984
1.114695340501792 1.0613298373550741
1.1111111111111112 1.0482199188823795
1.1111111111111112 1.0400262198369454
1.1111111111111112 1.0351100004096851
0.9399641577060933 1.1252406899094598
0.9399641577060933 1.1252406899094598
0.9417562724014337 1.123601950100373
0.9426523297491041 1.0744397558277685
0.9426523297491041 1.0318325207915116
0.9408602150537635 1.000696464418862
0.9390681003584229 0.9793928469007336
0.9363799283154122 0.966282928428039
0.935483870967742 0.9630054488098654
0.9292114695340503 0.9531730099553444
0.9175627240143369 0.9318693924372159
0.9023297491039428 0.9089270351100005
0.8888888888888891 0.8925396370191325
0.8763440860215055 0.877790978737351
0.8637992831541219 0.8663198000737433
0.8521505376344087 0.8646810602646566
0.838709677419355 0.8679585398828302
0.8315412186379929 0.8761522389282643
0.8288530465949822 0.8810684583555248
0.827956989247312 0.8892621574009587
0.8745519713261649 1.1367118685730675
0.8754480286738351 1.1367118685730675
0.8951612903225807 1.1383506083821542
0.9130824372759858 1.1383506083821542
0.9301075268817205 1.1432668278094147
0.9426523297491041 1.1449055676185016
0.9525089605734767 1.1449055676185016
0.9659498207885304 1.1449055676185016
0.9686379928315412 1.1449055676185016
0.9713261648745521 1.1449055676185016
0.9731182795698925 1.1449055676185016
0.9740143369175629 1.1449055676185016
0.9775985663082438 1.1449055676185016
0.9847670250896059 1.1449055676185016
0.9874551971326166 1.1449055676185016
0.9928315412186381 1.1449055676185016
0.9901433691756274 1.0695235364005082
0.9901433691756274 1.0662460567823344
0.9928315412186381 1.0367487402187718
0.9928315412186381 1.0220000819369905
0.9928315412186381 0.9957802449916016
0.9928315412186381 0.9826703265189072
0.9928315412186381 0.9761153672825598
0.9928315412186381 0.9744766274734731
0.9686379928315412 1.0023352042279488
0.9775985663082438 1.0023352042279488
0.9874551971326166 1.0039739440370357
0.9928315412186381 1.0039739440370357
1.0044802867383513 1.0088901634642962
1.0098566308243728 1.0088901634642962
1.0134408602150538 1.0088901634642962
1.0161290322580645 1.0088901634642962
1.017025089605735 1.0088901634642962
0.49551971326164873 0.8089639067557051
0.49372759856630827 0.8106026465647918
0.4650537634408602 0.8417387029374412
0.4202508960573477 0.8941783768282192
0.3933691756272401 0.9351468720553895
0.3718637992831541 0.9826703265189072
0.36917562724014336 1.0351100004096851
0.37544802867383514 1.0646073169732477
0.39247311827956993 1.0908271539186367
0.4094982078853047 1.1088532918185916
0.4310035842293907 1.113769511245852
0.46236559139784944 1.113769511245852
0.47222222222222227 1.1104920316276785
0.49014336917562723 1.0842721946822895
0.4973118279569893 1.0629685771641608
0.4982078853046595 1.05313613830964
0.5008960573476702 1.0236388217460775
0.5008960573476702 1.0154451227006434
0.5008960573476702 1.0220000819369905
0.5008960573476702 1.0514973985005531
0.5008960573476702 1.079355975255029
0.5071684587813621 1.1088532918185916
0.5143369175627239 1.1301569093367203
0.5241935483870968 1.1449055676185016
0.5358422939068102 1.16620918513663
0.5474910394265233 1.1711254045638906
0.5618279569892473 1.1744028841820642
0.5770609318996416 1.1711254045638906
0.5869175627240144 1.1629317055184565
0.5931899641577061 1.1498217870457619
0.6003584229390682 1.139989348191241
0.6057347670250897 1.123601950100373
0.6120071684587813 1.097382113154984
0.6146953405017921 1.071162276209595
0.6129032258064515 1.044942439264206
0.6066308243727598 1.0138063828915564
0.6021505376344085 0.9974189848006885
0.5922939068100359 0.9793928469007336
0.5797491039426523 0.9613667090007785
0.5654121863799284 0.9449793109099105
0.5555555555555556 0.9269531730099554
0.5465949820788532 0.913843254537261
0.5340501792114696 0.8909008972100456
0.5277777777777777 0.877790978737351
0.5197132616487454 0.8564873612192225
0.5080645161290323 0.835183743701094
0.5035842293906809 0.8187963456102259
0.5017921146953406 0.8138801261829653
0.5008960573476702 0.8056864271375315
0.49910394265232977 0.800770207710271
0.49910394265232977 0.7958539882830105
0.49910394265232977 0.7925765086648369
0.4578853046594982 0.9957802449916016
0.4874551971326165 0.9285919128190423
0.5394265232974911 0.9630054488098654
0.5743727598566308 1.0695235364005082
0.5743727598566308 1.0728010160186818
0.5761648745519714 1.0859109344913762
0.5976702508960574 1.1121307714367652
0.6702508960573477 1.1514605268548488
0.6890681003584229 1.1530992666639355
0.6908602150537635 1.1530992666639355
0.6917562724014337 1.1449055676185016
0.6989247311827957 1.1268794297185465
0.7060931899641578 1.105575812200418
0.7123655913978495 1.079355975255029
0.7159498207885304 1.0629685771641608
0.7222222222222223 1.0367487402187718
0.7249103942652331 1.0154451227006434
0.7267025089605736 0.9875865459461675
0.7267025089605736 0.9564504895735182
0.7240143369175629 0.9236756933917818
0.7240143369175629 0.8794297185464379
0.7249103942652331 0.851571141791962
0.7275985663082438 0.835183743701094
0.7365591397849462 0.8171576058011392
0.7437275985663083 0.800770207710271
0.7535842293906811 0.7925765086648369
0.7661290322580645 0.7860215494284897
0.7732974910394266 0.7827440698103161
0.7849462365591398 0.7843828096194028
0.7992831541218639 0.79093776885575
0.8091397849462367 0.7991314679011841
0.8109318996415771 0.8024089475193577
0.8127240143369177 0.8106026465647918
0.8154121863799284 0.825351304846573
0.8154121863799284 0.8433774427465281
0.8118279569892475 0.8695972796919171
0.8019713261648747 0.8941783768282192
0.7876344086021505 0.9122045147281741
0.7706093189964158 0.9220369535826951
0.7544802867383513 0.9220369535826951
0.728494623655914 0.9056495554918269
0.6998207885304659 0.887623417591872
0.6827956989247312 0.8712360195010038
0.6657706093189963 0.8532098816010489
0.64247311827957 0.835183743701094
0.620967741935484 0.8187963456102259
0.6039426523297491 0.8171576058011392
0.5940860215053763 0.8204350854193128
0.5851254480286738 0.8384612233192676
0.5824372759856631 0.8466549223647017
0.5824372759856631 0.8499324019828753
0.5833333333333333 0.8499324019828753
