1.6370967741935485 1.5153224320405074
1.330645161290323 1.3070174735813231
1.3118279569892475 0.9368755858576958
1.8655913978494625 0.9625131192065184
2.06989247311828 1.233309565203458
1.6290322580645165 1.1916485735116211
1.895161290322581 1.3582925402789685
1.8978494623655915 1.1660110401627986
1.145161290322581 1.1099289359622488
1.5967741935483875 1.3839300736277913
1.532258064516129 1.0810867109448232
2.384408602150538 1.3695089611190785
2.384408602150538 1.1403735068139758
2.7365591397849465 1.3454737736045572
3.099462365591398 1.5041060112003974
3.330645161290323 1.4864802070230818
3.448924731182796 1.037823373418685
3.123655913978495 1.0522444859273978
2.8225806451612905 1.1403735068139758
2.8333333333333335 1.3695089611190785
3.25 1.4143746444795182
3.0000000000000004 1.210876723523238
3.408602150537635 1.2493330235464721
3.663978494623656 1.3919418027992982
2.9677419354838714 1.3711113069533798
3.198924731182796 1.1996603026831283
3.174731182795699 1.3134268569185288
2.559139784946237 1.2381166027063621
