1.456989247311828 0.9048286691716674
1.456989247311828 0.8551559483083235
1.4543010752688175 0.8359277982967066
1.435483870967742 0.8375301441310079
1.424731182795699 0.8775887899885433
1.4005376344086025 0.8423371816339122
1.4193548387096775 0.8295184149595007
1.384408602150538 0.8391324899653094
1.4435483870967745 0.8487465649711179
1.435483870967742 0.8391324899653094
1.435483870967742 0.8487465649711179
1.4220430107526885 0.853553602474022
1.416666666666667 0.8519512566397207
1.5833333333333335 0.8856005191600504
1.3790322580645165 0.8343254524624051
1.481182795698925 0.8471442191368164
1.5 0.8375301441310079
1.5053763440860215 0.8295184149595007
1.4516129032258065 0.8567582941426248
1.446236559139785 0.864770023314132
1.446236559139785 0.8615653316455292
1.470430107526882 0.875986444154242
1.5080645161290325 0.8327231066281036
1.5080645161290325 0.8327231066281036
1.470430107526882 0.8615653316455292
1.4731182795698925 0.8727817524856392
1.4838709677419355 0.8519512566397207
1.4838709677419355 0.8519512566397207
1.4946236559139785 0.8551559483083235
1.4946236559139785 0.8631676774798307
1.491935483870968 0.8407348357996107
1.491935483870968 0.8407348357996107
1.4973118279569895 0.8295184149595007
1.739247311827957 0.9625131192065184
2.06989247311828 1.2365142568720608
3.110215053763441 1.0778820192762204
3.341397849462366 0.3824639271894053
2.3225806451612905 0.14211205204419275
2.1478494623655915 0.48982109808760027
2.81989247311828 0.6260204940032208
2.037634408602151 0.8134949566164866
3.395161290322581 0.5795524648084798
2.0430107526881724 0.14852143538139845
1.817204301075269 0.5282773981108344
2.6827956989247315 0.8150973024507882
2.6720430107526885 1.2285025277005537
3.381720430107527 0.7461964315758272
2.8575268817204305 0.3279841688231571
