0.5806451612903227 1.8245751780606811
2.3467741935483875 1.7540719613514186
2.31989247311828 0.9929576900582453
1.9193548387096775 0.42893195638414644
0.370967741935484 0.24946922294238777
0.1263440860215055 1.1035195526250432
1.0215053763440862 1.1035195526250432
0.6075268817204302 1.483275515354479
1.6505376344086025 1.6146678737671953
1.188172043010753 0.6516580273520434
0.36827956989247324 0.7317753190671143
1.7365591397849465 1.0778820192762204
1.7930107526881724 0.8423371816339122
1.206989247311828 1.3550878486103657
0.5645161290322582 1.2781752485638977
2.026881720430108 1.436807486159738
1.131720430107527 0.3680428146806926
2.5618279569892475 1.1307594318081673
2.806451612903226 1.1547946193226886
3.10483870967742 1.3422690819359544
2.9973118279569895 1.2204907985290467
2.9543010752688175 1.0730749817733163
3.059139784946237 1.3438714277702557
2.9865591397849465 1.1035195526250432
3.42741935483871 1.1804321526715111
3.282258064516129 1.2557424068836778
3.220430107526882 1.1692157318314014
3.180107526881721 1.3855324194620926
3.236559139784947 1.2012626485174296
3.365591397849463 1.0522444859273978
3.575268817204301 1.210876723523238
3.419354838709678 1.1051218984593445
3.352150537634409 1.0153905317384653
3.39247311827957 0.9384779316919971
3.556451612903226 1.390339456964997
3.333333333333334 1.395146494467901
3.153225806451613 1.0394257192529865
3.28494623655914 1.0923031317849332
3.384408602150538 1.3230409319243372
3.244623655913979 1.3342573527644472
3.483870967741936 1.2397189485406637
3.46236559139785 1.3550878486103657
3.112903225806452 1.1515899276540857
3.317204301075269 1.206069686020334
3.129032258064516 1.2445259860435678
