2.185483870967742 1.3647019236161742
1.7150537634408605 1.1195430109680573
2.0752688172043015 0.9753318858809299
2.435483870967742 1.1227477026366601
2.2795698924731185 1.2236954901976496
1.9516129032258065 1.3727136527876813
1.8333333333333335 1.1676133859970999
2.026881720430108 0.991355344223944
2.228494623655914 1.0474374484244935
2.0645161290322585 1.1515899276540857
1.978494623655914 1.2365142568720608
1.8978494623655915 1.2557424068836778
2.2150537634408605 1.279777594398199
2.037634408602151 1.2845846319011034
2.037634408602151 1.3278479694272416
2.1397849462365595 1.2269001818662524
2.327956989247312 1.153192273488387
2.166666666666667 1.1227477026366601
2.048387096774194 1.060256215098905
1.7258064516129035 1.0842914026134263
1.916666666666667 1.148385235985483
1.8790322580645165 0.9865483067210397
1.9327956989247315 1.068267944270412
2.1370967741935485 1.1099289359622488
2.0940860215053765 1.1740227693343055
1.9408602150537635 1.1916485735116211
2.2338709677419355 1.175625115168607
2.370967741935484 1.0858937484477276
2.123655913978495 1.279777594398199
2.102150537634409 1.3614972319475713
1.9193548387096775 1.3454737736045572
1.720430107526882 1.299005744409816
1.7258064516129035 1.1740227693343055
1.774193548387097 1.2589470985522806
1.8467741935483875 1.1147359734651532
1.841397849462366 1.0506421400930963
2.1263440860215055 1.0282092984128766
2.2473118279569895 0.9865483067210397
2.263440860215054 1.1275547401395645
2.0537634408602155 1.2509353693807737
1.989247311827957 1.1499875818197842
2.370967741935484 1.2044673401860324
2.263440860215054 1.3518831569417629
2.4193548387096775 1.2781752485638977
2.4865591397849465 1.2172861068604437
2.2903225806451615 1.3038127819127203
1.8333333333333335 1.2941987069069119
1.989247311827957 1.2509353693807737
1.9408602150537635 1.3150292027528303
1.862903225806452 1.2381166027063621
2.048387096774194 1.1964556110145255
2.1505376344086025 1.3663042694504757
2.0188172043010755 1.1147359734651532
1.9516129032258065 1.018595223407068
2.327956989247312 1.0394257192529865
2.395161290322581 1.3310526610958444
2.5940860215053765 1.2621517902208834
2.599462365591398 1.1579993109912914
2.744623655913979 1.1964556110145255
2.7473118279569895 1.2893916694040075
2.8870967741935485 1.494491936194589
3.172043010752689 1.5505740403951387
3.615591397849463 1.4960942820288905
3.559139784946237 1.14518054431688
3.282258064516129 1.1019172067907417
2.916666666666667 1.1435781984825786
3.024193548387097 1.3727136527876813
3.314516129032258 1.4159769903138195
3.182795698924732 1.2252978360319509
3.475806451612904 1.2893916694040075
3.67741935483871 1.3198362402557344
