1.1827956989247315 1.367906615284777
1.3655913978494625 1.2877893235697062
1.1827956989247315 1.2236954901976496
0.946236559139785 1.332655006930146
1.0215053763440862 1.5281411987149187
1.3467741935483875 1.5089130487033018
1.459677419354839 1.3935441486335998
1.8575268817204305 1.3775206902905854
2.1397849462365595 1.3807253819591883
2.244623655913979 1.6611359029619364
2.71236559139785 1.8502127114095037
3.723118279569893 1.7973352988775568
4.446236559139785 1.5185271237091102
4.400537634408603 1.0057764567326568
4.026881720430108 0.7654245815874441
3.416666666666667 0.6452486440148377
2.7500000000000004 0.7686292732560469
2.413978494623656 0.8679747149827348
2.1908602150537635 1.1035195526250432
2.424731182795699 1.5009013195317946
2.7930107526881724 1.6419077529503194
3.736559139784947 1.5313458903835215
3.588709677419355 1.0987125151221389
2.881720430107527 1.0714726359390148
3.155913978494624 1.3454737736045572
2.580645161290323 1.3054151277470218
3.180107526881721 0.9064310150059689
4.072580645161291 1.2509353693807737
3.317204301075269 1.5457670028922343
2.8870967741935485 1.436807486159738
3.215053763440861 1.7829141863688442
3.588709677419355 1.3294503152615431
3.975806451612904 1.0746773276076176
3.545698924731183 0.8503489108054192
3.193548387096775 1.1692157318314014
2.473118279569893 0.9993670733954509
4.021505376344086 1.5842233029154684
4.338709677419355 1.2589470985522806
