1.674731182795699 1.2349119110377593
1.655913978494624 1.222093144363348
1.6182795698924735 1.1916485735116211
1.5967741935483875 1.1708180776657027
1.580645161290323 1.1708180776657027
1.567204301075269 1.1916485735116211
1.5725806451612905 1.2044673401860324
1.602150537634409 1.2092743776889368
1.6586021505376345 1.2012626485174296
1.6801075268817205 1.1916485735116211
1.688172043010753 1.1852391901744155
1.6827956989247315 1.1852391901744155
1.67741935483871 1.1900462276773196
1.666666666666667 1.1964556110145255
1.6612903225806455 1.2044673401860324
1.6612903225806455 1.2172861068604437
1.663978494623656 1.222093144363348
1.666666666666667 1.222093144363348
1.6720430107526885 1.222093144363348
1.6693548387096775 1.222093144363348
1.666666666666667 1.2188884526947452
1.6263440860215055 1.2092743776889368
1.610215053763441 1.2092743776889368
1.6048387096774195 1.2092743776889368
1.6075268817204305 1.2092743776889368
1.6155913978494625 1.2092743776889368
1.623655913978495 1.2092743776889368
1.645161290322581 1.1852391901744155
1.6505376344086025 1.1547946193226886
1.6478494623655915 1.1323617776424686
1.645161290322581 1.1211453568023588
1.6263440860215055 1.1195430109680573
1.610215053763441 1.1195430109680573
1.5967741935483875 1.1323617776424686
1.5833333333333335 1.164408694328497
1.5940860215053765 1.1772274610029083
1.6290322580645165 1.194853265180224
1.7150537634408605 1.222093144363348
1.696236559139785 1.183636844340114
1.6478494623655915 1.1419758526482773
1.580645161290323 1.1083265901279473
1.524193548387097 1.0939054776192347
1.510752688172043 1.0939054776192347
1.4973118279569895 1.1003148609564404
1.5080645161290325 1.1227477026366601
1.5295698924731185 1.1387711609796745
1.5940860215053765 1.1515899276540857
1.6370967741935485 1.1660110401627986
1.6586021505376345 1.1772274610029083
1.663978494623656 1.1788298068372098
1.663978494623656 1.1724204235000042
1.6612903225806455 1.1660110401627986
1.6478494623655915 1.1499875818197842
1.623655913978495 1.1419758526482773
1.56989247311828 1.14518054431688
1.5161290322580645 1.1820344985058127
1.4838709677419355 1.2092743776889368
1.4838709677419355 1.2044673401860324
1.4838709677419355 1.2012626485174296
1.4838709677419355 1.2044673401860324
1.4838709677419355 1.2092743776889368
1.521505376344086 1.233309565203458
1.580645161290323 1.2349119110377593
1.6370967741935485 1.2236954901976496
1.645161290322581 1.222093144363348
1.612903225806452 1.1980579568488268
1.5268817204301075 1.1724204235000042
1.481182795698925 1.1708180776657027
1.4623655913978495 1.1708180776657027
1.459677419354839 1.1788298068372098
1.470430107526882 1.1916485735116211
1.524193548387097 1.202864994351731
1.567204301075269 1.2044673401860324
1.53494623655914 1.1467828901511814
1.4946236559139785 1.1900462276773196
1.5 1.1884438818430183
1.5161290322580645 1.1788298068372098
1.543010752688172 1.1596016568255927
1.5510752688172045 1.1499875818197842
1.556451612903226 1.14518054431688
1.556451612903226 1.1419758526482773
1.556451612903226 1.137168815145373
1.553763440860215 1.137168815145373
1.553763440860215 1.1339641234767701
1.553763440860215 1.1323617776424686
1.553763440860215 1.1291570859738658
1.5483870967741935 1.1291570859738658
1.5483870967741935 1.1275547401395645
1.545698924731183 1.1275547401395645
1.5403225806451615 1.1275547401395645
1.5376344086021505 1.1275547401395645
1.5188172043010755 1.1275547401395645
1.510752688172043 1.1275547401395645
1.5053763440860215 1.1275547401395645
1.4973118279569895 1.1275547401395645
1.4946236559139785 1.1307594318081673
1.481182795698925 1.1403735068139758
1.4758064516129035 1.14518054431688
1.4758064516129035 1.148385235985483
1.4758064516129035 1.1515899276540857
1.4731182795698925 1.153192273488387
1.4731182795698925 1.1579993109912914
1.4731182795698925 1.1660110401627986
1.4731182795698925 1.1692157318314014
1.4731182795698925 1.1708180776657027
1.8010752688172045 1.1916485735116211
1.903225806451613 1.2076720318546352
2.037634408602151 1.233309565203458
2.1505376344086025 1.2445259860435678
2.276881720430108 1.2461283318778693
3.150537634408602 1.8982830864385463
2.5940860215053765 1.6803640529735533
2.56989247311828 1.0858937484477276
3.373655913978495 0.9144427441774758
4.088709677419355 1.2589470985522806
3.755376344086022 1.717218007162486
3.139784946236559 1.390339456964997
2.6586021505376345 1.4416145236626423
3.088709677419355 1.6659429404648407
3.629032258064517 1.3647019236161742
3.075268817204301 1.1035195526250432
3.688172043010753 1.0698702901047135
3.397849462365592 1.56339280706955
3.852150537634409 1.5009013195317946
2.7016129032258065 1.210876723523238
2.7607526881720434 1.7684930738601312
3.545698924731183 1.9030901239414506
3.352150537634409 1.206069686020334
4.088709677419355 1.0410280650872878
2.502688172043011 1.2813799402325006
