2.8897849462365595 0.09083698534654744
5.658602150537635 0.05879006866051906
4.274193548387097 0.004310310294270869
4.274193548387097 0.012322039465777979
4.274193548387097 0.01712907696868221
5.986559139784947 0.8375301441310079
5.809139784946237 1.3663042694504757
5.774193548387097 1.8502127114095037
5.182795698924732 1.9175112364501632
4.481182795698925 1.9303300031245745
3.900537634408603 1.9303300031245745
3.112903225806452 1.8998854322728476
3.24731182795699 1.678761707139252
3.975806451612904 1.7524696155171173
4.564516129032259 1.5393576195550287
3.922043010752689 1.1563969651569899
3.809139784946237 1.448023906999848
4.793010752688173 1.3390643902673516
4.879032258064517 0.7590151982502384
3.814516129032258 0.6644767940264549
3.139784946236559 0.9753318858809299
3.255376344086022 1.263754136055185
3.118279569892473 0.5026398647620116
3.932795698924732 0.21581996042205792
4.760752688172043 0.2831184854627175
4.518817204301076 0.5987806148200967
4.301075268817205 0.8631676774798307
4.650537634408603 1.087496094282029
5.540322580645162 0.8134949566164866
5.126344086021506 0.36003108550918556
5.561827956989248 0.4113061522068308
5.31989247311828 0.9657178108751212
5.362903225806452 1.2893916694040075
5.271505376344087 1.6066561445956882
5.03225806451613 1.6627382487962379
5.518817204301076 1.6499194821218264
4.502688172043011 1.7845165322031455
4.231182795698925 1.6755570154706492
4.180107526881721 1.3743159986219826
4.266129032258065 1.2285025277005537
3.56989247311828 0.9160450900117774
3.513440860215054 1.1419758526482773
3.502688172043011 0.5058445564306144
3.405913978494624 0.2799137937941147
2.817204301075269 1.0041741108983553
2.524193548387097 1.0346186817500822
2.239247311827957 1.0250046067442737
2.088709677419355 1.0554491775960007
2.0725806451612905 1.0586538692646035
2.0295698924731185 1.0714726359390148
2.016129032258065 1.0810867109448232
2.010752688172043 1.0810867109448232
2.002688172043011 1.0698702901047135
1.9946236559139785 1.0522444859273978
1.989247311827957 1.0442327567558907
1.9865591397849465 1.0394257192529865
1.9865591397849465 1.0314139900814794
1.9865591397849465 1.0282092984128766
1.9865591397849465 1.026606952578575
2.013440860215054 1.0234022609099722
2.0295698924731185 1.018595223407068
2.056451612903226 1.0137881859041638
2.0725806451612905 1.0057764567326568
2.091397849462366 1.002571765064054
2.099462365591398 1.0041741108983553
2.112903225806452 1.0089811484012596
2.120967741935484 1.0169928775727666
2.134408602150538 1.0250046067442737
2.134408602150538 1.026606952578575
2.134408602150538 1.029811644247178
2.131720430107527 1.037823373418685
2.1075268817204305 1.0474374484244935
2.0967741935483875 1.0522444859273978
2.088709677419355 1.0554491775960007
2.0860215053763445 1.0538468317616991
2.080645161290323 1.0538468317616991
2.067204301075269 1.0474374484244935
2.0645161290322585 1.0394257192529865
2.059139784946237 1.0362210275843837
2.0537634408602155 1.0362210275843837
2.045698924731183 1.0362210275843837
2.0430107526881724 1.0362210275843837
2.037634408602151 1.037823373418685
2.0322580645161294 1.037823373418685
2.0322580645161294 1.0426304109215894
2.0295698924731185 1.0474374484244935
2.024193548387097 1.0506421400930963
2.0215053763440864 1.0506421400930963
2.0215053763440864 1.0522444859273978
2.016129032258065 1.0522444859273978
2.010752688172043 1.0522444859273978
2.002688172043011 1.0522444859273978
2.0080645161290325 1.0522444859273978
2.026881720430108 1.049039794258795
2.0510752688172045 1.0442327567558907
2.077956989247312 1.0362210275843837
2.091397849462366 1.0282092984128766
2.099462365591398 1.0234022609099722
2.1075268817204305 1.021799915075671
2.112903225806452 1.018595223407068
