0.946236559139785 1.6507206550389772
0.935483870967742 1.6114631820985925
0.9650537634408602 1.6274866404416066
1.166666666666667 1.6803640529735533
1.3897849462365595 1.6627382487962379
1.5053763440860215 1.579416265412564
1.470430107526882 1.4896848986916846
1.260752688172043 1.4159769903138195
1.0107526881720432 1.3839300736277913
0.924731182795699 1.4271934111539295
0.913978494623656 1.5265388528806174
1.0215053763440862 1.590632686252674
1.2661290322580645 1.5441646570579328
1.3897849462365595 1.4287957569882308
1.349462365591398 1.32624562359294
1.198924731182796 1.2958010527412132
0.967741935483871 1.4143746444795182
0.924731182795699 1.55217638622944
1.067204301075269 1.637100715447415
1.3763440860215055 1.598644415424181
1.510752688172043 1.4720590945143692
1.4758064516129035 1.34867846527316
1.1693548387096775 1.3198362402557344
0.8844086021505377 1.436807486159738
0.7903225806451615 1.5553810778980428
0.870967741935484 1.6547265196247307
1.153225806451613 1.706001586322376
1.4301075268817205 1.6290889862759081
1.532258064516129 1.5345505820521244
1.5188172043010755 1.4287957569882308
1.3118279569892475 1.3871347652963941
1.0913978494623655 1.4271934111539295
0.8844086021505377 1.5585857695666456
0.870967741935484 1.6611359029619364
0.967741935483871 1.7300367738368974
1.2150537634408605 1.7156156613281848
1.4086021505376345 1.6050537987613869
1.446236559139785 1.5089130487033018
1.3897849462365595 1.4496262528341493
1.1908602150537635 1.4352051403254364
1.0107526881720432 1.5089130487033018
0.9623655913978495 1.5730068820753584
1.053763440860215 1.6274866404416066
1.2016129032258065 1.621077257104401
1.3440860215053765 1.5698021904067556
1.4301075268817205 1.4512285986684508
1.39247311827957 1.3823277277934898
1.2553763440860215 1.3582925402789685
1.1182795698924735 1.3983511861365039
1.024193548387097 1.4736614403486705
1.064516129032258 1.5041060112003974
1.239247311827957 1.4896848986916846
1.3548387096774195 1.4464215611655464
1.4112903225806455 1.367906615284777
1.3548387096774195 1.3230409319243372
1.17741935483871 1.332655006930146
1.03494623655914 1.4095676069766139
0.9596774193548387 1.5457670028922343
1.075268817204301 1.632293677944511
1.231182795698925 1.6435100987846207
1.3978494623655915 1.5858256487497697
1.435483870967742 1.4896848986916846
1.3360215053763445 1.4287957569882308
1.206989247311828 1.4239887194853267
1.053763440860215 1.475263786182972
1.0107526881720432 1.5553810778980428
1.1075268817204305 1.601849107092784
1.295698924731183 1.6082584904299897
1.338709677419355 1.6002467612584825
1.2688172043010755 1.6963875113165676
1.282258064516129 1.6883757821450605
1.295698924731183 1.6691476321334435
1.3010752688172045 1.6627382487962379
1.293010752688172 1.659533557127635
1.271505376344086 1.678761707139252
1.2688172043010755 1.6931828196479648
1.2688172043010755 1.6963875113165676
1.274193548387097 1.6931828196479648
1.271505376344086 1.6627382487962379
1.2258064516129035 1.6130655279328938
1.1612903225806455 1.579416265412564
1.112903225806452 1.5649951529038513
1.0913978494623655 1.5649951529038513
1.0833333333333335 1.5858256487497697
1.1182795698924735 1.601849107092784
1.2043010752688175 1.5922350320869754
1.252688172043011 1.5601881154009472
1.2795698924731185 1.4960942820288905
1.271505376344086 1.4704567486800677
1.206989247311828 1.4656497111771636
1.1182795698924735 1.5089130487033018
1.053763440860215 1.5762115737439613
1.0725806451612905 1.598644415424181
1.174731182795699 1.590632686252674
1.295698924731183 1.521731815377713
1.330645161290323 1.4416145236626423
1.2903225806451615 1.4031582236394082
1.096774193548387 1.4223863736510252
0.924731182795699 1.494491936194589
0.817204301075269 1.6034514529270854
0.8870967741935485 1.6627382487962379
1.1290322580645165 1.6643405946305392
1.330645161290323 1.582620957081167
1.3978494623655915 1.4768661320172733
1.362903225806452 1.4287957569882308
1.1827956989247315 1.4095676069766139
1.03494623655914 1.448023906999848
0.924731182795699 1.532948236217823
0.9516129032258065 1.5890303404183725
1.174731182795699 1.6194749112700995
1.3655913978494625 1.590632686252674
1.502688172043011 1.4976966278631918
1.5053763440860215 1.4320004486568336
1.3763440860215055 1.3823277277934898
1.220430107526882 1.4015558778051067
1.0698924731182795 1.4656497111771636
1.0268817204301077 1.5297435445492202
1.086021505376344 1.590632686252674
1.239247311827957 1.6082584904299897
1.360215053763441 1.55217638622944
1.3870967741935485 1.4928895903602877
1.3333333333333335 1.4416145236626423
1.217741935483871 1.4320004486568336
1.032258064516129 1.4704567486800677
0.9327956989247312 1.513720086206206
0.8897849462365592 1.568199844572454
0.978494623655914 1.6034514529270854
1.1827956989247315 1.5778139195782628
1.3010752688172045 1.5089130487033018
1.3548387096774195 1.4336027944911351
1.3198924731182795 1.3775206902905854
1.1693548387096775 1.3887371111306954
0.9112903225806452 1.4864802070230818
0.7768817204301077 1.6066561445956882
0.7795698924731185 1.678761707139252
0.9892473118279572 1.7027968946537733
1.196236559139785 1.651521827956128
1.3897849462365595 1.5281411987149187
1.424731182795699 1.4544332903370536
1.3467741935483875 1.406362915308011
1.174731182795699 1.4191816819824223
0.9381720430107527 1.494491936194589
0.8252688172043012 1.5778139195782628
0.8870967741935485 1.6354983696131138
1.1182795698924735 1.667545286299142
1.3118279569892475 1.6178725654357982
1.4731182795698925 1.5009013195317946
1.4623655913978495 1.406362915308011
1.2553763440860215 1.379123036124887
1.024193548387097 1.4223863736510252
0.8413978494623657 1.5009013195317946
0.7473118279569892 1.6146678737671953
0.8225806451612905 1.6835687446421563
1.053763440860215 1.7076039321566774
1.217741935483871 1.667545286299142
1.338709677419355 1.5665974987381528
1.3467741935483875 1.5025036653660961
1.260752688172043 1.4576379820056564
1.096774193548387 1.4656497111771636
0.8844086021505377 1.5345505820521244
0.817204301075269 1.601849107092784
0.903225806451613 1.6755570154706492
1.086021505376344 1.6771593613049505
1.3010752688172045 1.5954397237555782
1.403225806451613 1.4848778611887805
1.3790322580645165 1.4336027944911351
1.196236559139785 1.417579336148121
0.9811827956989247 1.4656497111771636
0.7768817204301077 1.5858256487497697
0.8521505376344087 1.667545286299142
1.053763440860215 1.6883757821450605
1.338709677419355 1.6306913321102094
1.4758064516129035 1.5489716945608372
1.524193548387097 1.4512285986684508
1.4543010752688175 1.3999535319708054
1.3333333333333335 1.3983511861365039
1.196236559139785 1.4303981028225323
1.075268817204301 1.4864802070230818
1.075268817204301 1.5505740403951387
1.1801075268817205 1.5810186112468656
1.3467741935483875 1.5649951529038513
1.4731182795698925 1.4880825528573833
1.491935483870968 1.4207840278167239
1.362903225806452 1.3550878486103657
1.120967741935484 1.3759183444562841
0.9596774193548387 1.4496262528341493
0.8763440860215055 1.5585857695666456
0.9865591397849465 1.6194749112700995
1.166666666666667 1.6082584904299897
1.381720430107527 1.5153224320405074
1.4731182795698925 1.4416145236626423
1.4650537634408605 1.3775206902905854
1.349462365591398 1.3647019236161742
1.1182795698924735 1.4239887194853267
0.946236559139785 1.5377552737207272
0.9166666666666667 1.6066561445956882
1.0161290322580647 1.6419077529503194
1.174731182795699 1.6082584904299897
1.3333333333333335 1.4928895903602877
1.3682795698924735 1.406362915308011
1.327956989247312 1.3518831569417629
1.206989247311828 1.3663042694504757
1.053763440860215 1.4320004486568336
1.0053763440860217 1.4784684778515749
1.043010752688172 1.4912872445259862
1.1827956989247315 1.4704567486800677
1.2473118279569895 1.4464215611655464
1.2661290322580645 1.436807486159738
1.2661290322580645 1.4336027944911351
1.185483870967742 1.494491936194589
1.153225806451613 1.5778139195782628
1.1720430107526885 1.6066561445956882
1.239247311827957 1.579416265412564
1.274193548387097 1.510515394537603
1.271505376344086 1.4800708236858762
1.260752688172043 1.4768661320172733
1.220430107526882 1.494491936194589
1.206989247311828 1.5121177403719046
1.206989247311828 1.521731815377713
1.2150537634408605 1.521731815377713
1.2150537634408605 1.521731815377713
1.185483870967742 1.524936507046316
1.099462365591398 1.5585857695666456
1.053763440860215 1.6194749112700995
1.0806451612903225 1.6611359029619364
1.239247311827957 1.6755570154706492
1.3978494623655915 1.6178725654357982
1.446236559139785 1.5265388528806174
1.4112903225806455 1.4624450195085605
1.239247311827957 1.4111699528109154
1.0833333333333335 1.4320004486568336
0.9381720430107527 1.5121177403719046
0.9596774193548387 1.6066561445956882
1.153225806451613 1.648317136287525
1.3225806451612905 1.625884294607305
1.446236559139785 1.54095996538933
1.4543010752688175 1.4880825528573833
1.3682795698924735 1.4384098319940395
1.1182795698924735 1.448023906999848
0.8978494623655915 1.5041060112003974
0.8413978494623657 1.5505740403951387
0.9166666666666667 1.598644415424181
1.145161290322581 1.5778139195782628
1.317204301075269 1.5025036653660961
1.3655913978494625 1.436807486159738
1.306451612903226 1.4111699528109154
1.077956989247312 1.452830944502752
0.8844086021505377 1.532948236217823
0.8198924731182797 1.601849107092784
0.903225806451613 1.6354983696131138
1.123655913978495 1.6002467612584825
1.2876344086021505 1.5233341612120146
1.395161290322581 1.4207840278167239
1.3763440860215055 1.367906615284777
1.2258064516129035 1.3582925402789685
0.9193548387096775 1.4239887194853267
0.7258064516129032 1.4992989736974933
0.631720430107527 1.5890303404183725
0.6881720430107527 1.648317136287525
0.946236559139785 1.6835687446421563
1.209677419354839 1.6419077529503194
1.5161290322580645 1.5233341612120146
1.6182795698924735 1.4239887194853267
1.5645161290322585 1.3823277277934898
1.2043010752688175 1.4143746444795182
0.9838709677419357 1.4880825528573833
0.8467741935483872 1.598644415424181
0.8521505376344087 1.6659429404648407
0.9892473118279572 1.6995922029851704
1.2231182795698925 1.6419077529503194
1.3467741935483875 1.5617904612352485
1.39247311827957 1.464047365342862
1.28494623655914 1.4031582236394082
1.1048387096774195 1.4111699528109154
0.8844086021505377 1.4880825528573833
0.8118279569892475 1.571404536241057
0.9166666666666667 1.6739546696363476
1.1370967741935485 1.717218007162486
1.3897849462365595 1.6803640529735533
1.4973118279569895 1.5730068820753584
1.4435483870967745 1.483275515354479
1.228494623655914 1.456035636171355
1.0268817204301077 1.4864802070230818
0.8548387096774195 1.5553810778980428
0.827956989247312 1.6194749112700995
0.946236559139785 1.678761707139252
1.096774193548387 1.6803640529735533
1.3010752688172045 1.6082584904299897
1.3897849462365595 1.5281411987149187
1.395161290322581 1.5009013195317946
1.2903225806451615 1.483275515354479
1.0107526881720432 1.5345505820521244
0.903225806451613 1.590632686252674
0.881720430107527 1.6627382487962379
1.0376344086021505 1.7140133154938832
1.239247311827957 1.689978127979362
1.5268817204301075 1.5649951529038513
1.666666666666667 1.4464215611655464
1.6693548387096775 1.3983511861365039
1.435483870967742 1.3983511861365039
1.14247311827957 1.456035636171355
0.8897849462365592 1.5553810778980428
0.8521505376344087 1.640305407116018
1.0215053763440862 1.7220250446653904
1.274193548387097 1.6931828196479648
1.3978494623655915 1.6130655279328938
1.438172043010753 1.5089130487033018
1.3897849462365595 1.4464215611655464
1.1263440860215055 1.4608426736742592
1.024193548387097 1.5169247778748087
1.0940860215053765 1.5649951529038513
1.188172043010753 1.5489716945608372
1.209677419354839 1.5361529278864259
1.209677419354839 1.5361529278864259
1.2365591397849465 1.5361529278864259
1.3440860215053765 1.521731815377713
1.424731182795699 1.4512285986684508
1.4193548387096775 1.395146494467901
1.2258064516129035 1.3310526610958444
1.0268817204301077 1.3422690819359544
0.8037634408602152 1.4303981028225323
0.75 1.5089130487033018
0.8870967741935485 1.5473693487265359
1.1935483870967745 1.5153224320405074
1.481182795698925 1.4207840278167239
1.580645161290323 1.367906615284777
1.405913978494624 1.3294503152615431
1.1397849462365595 1.4223863736510252
1.0107526881720432 1.513720086206206
1.002688172043011 1.6162702196014966
1.1827956989247315 1.6611359029619364
1.403225806451613 1.6002467612584825
1.524193548387097 1.4960942820288905
1.5268817204301075 1.4287957569882308
1.413978494623656 1.390339456964997
1.263440860215054 1.4143746444795182
1.0913978494623655 1.4960942820288905
1.0510752688172045 1.5938373779212769
1.1505376344086025 1.6547265196247307
1.4112903225806455 1.6755570154706492
1.6478494623655915 1.579416265412564
1.706989247311828 1.4720590945143692
1.6155913978494625 1.4191816819824223
1.349462365591398 1.4352051403254364
1.099462365591398 1.532948236217823
1.013440860215054 1.6451124446189223
1.102150537634409 1.709206277990979
1.360215053763441 1.7140133154938832
1.524193548387097 1.667545286299142
1.612903225806452 1.5778139195782628
1.5645161290322585 1.5265388528806174
1.3467741935483875 1.5089130487033018
1.1263440860215055 1.5377552737207272
0.967741935483871 1.6114631820985925
0.9731182795698925 1.6931828196479648
1.209677419354839 1.7108086238252804
1.489247311827957 1.6130655279328938
1.610215053763441 1.505708357034699
1.5510752688172045 1.395146494467901
1.282258064516129 1.367906615284777
1.0618279569892475 1.4191816819824223
0.903225806451613 1.5089130487033018
0.9301075268817205 1.601849107092784
1.1801075268817205 1.6435100987846207
1.403225806451613 1.5922350320869754
1.6048387096774195 1.4704567486800677
1.6075268817204305 1.3823277277934898
1.4865591397849465 1.3566901944446672
1.2258064516129035 1.4095676069766139
1.053763440860215 1.5009013195317946
1.064516129032258 1.5778139195782628
1.2231182795698925 1.6034514529270854
1.4516129032258065 1.5569834237323443
1.553763440860215 1.4496262528341493
1.521505376344086 1.367906615284777
1.413978494623656 1.3422690819359544
1.2258064516129035 1.3663042694504757
1.0833333333333335 1.4191816819824223
1.053763440860215 1.456035636171355
1.102150537634409 1.4992989736974933
1.188172043010753 1.5089130487033018
1.217741935483871 1.5009013195317946
1.217741935483871 1.4704567486800677
1.1048387096774195 1.436807486159738
0.9704301075268817 1.4704567486800677
0.9112903225806452 1.56339280706955
0.9516129032258065 1.632293677944511
1.1586021505376345 1.6707499779677448
1.3548387096774195 1.6162702196014966
1.4193548387096775 1.5569834237323443
1.370967741935484 1.4960942820288905
1.25 1.4720590945143692
1.032258064516129 1.4992989736974933
0.9112903225806452 1.532948236217823
0.9086021505376345 1.5649951529038513
1.0806451612903225 1.598644415424181
1.274193548387097 1.57460922790966
1.3333333333333335 1.5489716945608372
1.349462365591398 1.5281411987149187
1.271505376344086 1.5233341612120146
1.206989247311828 1.5505740403951387
1.1908602150537635 1.5730068820753584
1.196236559139785 1.5858256487497697
1.2876344086021505 1.5569834237323443
1.4193548387096775 1.4720590945143692
1.4623655913978495 1.4207840278167239
1.4408602150537635 1.3935441486335998
1.306451612903226 1.4095676069766139
1.0618279569892475 1.483275515354479
0.946236559139785 1.5393576195550287
0.9435483870967742 1.5649951529038513
1.1505376344086025 1.5617904612352485
1.3682795698924735 1.510515394537603
1.438172043010753 1.4768661320172733
1.4220430107526885 1.4720590945143692
1.25 1.5041060112003974
1.077956989247312 1.5810186112468656
1.075268817204301 1.6066561445956882
1.1182795698924735 1.6194749112700995
1.196236559139785 1.6419077529503194
1.3870967741935485 1.637100715447415
1.5188172043010755 1.579416265412564
1.545698924731183 1.510515394537603
1.4650537634408605 1.4496262528341493
1.293010752688172 1.4207840278167239
1.056451612903226 1.4271934111539295
0.924731182795699 1.494491936194589
0.924731182795699 1.590632686252674
1.053763440860215 1.637100715447415
1.274193548387097 1.6002467612584825
1.3763440860215055 1.5649951529038513
1.403225806451613 1.5393576195550287
1.2688172043010755 1.524936507046316
1.075268817204301 1.5585857695666456
0.9166666666666667 1.6162702196014966
0.956989247311828 1.6707499779677448
1.2043010752688175 1.659533557127635
1.4301075268817205 1.579416265412564
1.4973118279569895 1.4928895903602877
1.4543010752688175 1.4496262528341493
1.303763440860215 1.4400121778283408
1.14247311827957 1.4912872445259862
1.0107526881720432 1.5858256487497697
0.9865591397849465 1.6499194821218264
1.0806451612903225 1.7043992404880746
1.3091397849462365 1.6723523238020463
1.502688172043011 1.57460922790966
1.5483870967741935 1.4880825528573833
1.448924731182796 1.4672520570114649
1.174731182795699 1.5345505820521244
0.9596774193548387 1.637100715447415
0.9381720430107527 1.709206277990979
1.102150537634409 1.7300367738368974
1.4327956989247315 1.6627382487962379
1.6693548387096775 1.5393576195550287
1.706989247311828 1.4336027944911351
1.620967741935484 1.395146494467901
1.39247311827957 1.4111699528109154
1.196236559139785 1.4880825528573833
1.131720430107527 1.5505740403951387
1.166666666666667 1.6194749112700995
1.381720430107527 1.625884294607305
1.5161290322580645 1.5537787320637415
1.588709677419355 1.4448192153312451
1.5483870967741935 1.3871347652963941
1.405913978494624 1.3967488403022026
1.1693548387096775 1.4912872445259862
1.0483870967741935 1.5858256487497697
1.053763440860215 1.637100715447415
1.2258064516129035 1.6627382487962379
1.4623655913978495 1.590632686252674
1.580645161290323 1.4720590945143692
1.588709677419355 1.4320004486568336
1.4112903225806455 1.3887371111306954
1.1048387096774195 1.4656497111771636
0.881720430107527 1.5890303404183725
0.881720430107527 1.6931828196479648
1.153225806451613 1.7380485030084043
1.446236559139785 1.6691476321334435
1.559139784946237 1.5649951529038513
1.4865591397849465 1.483275515354479
1.3360215053763445 1.4656497111771636
1.110215053763441 1.5169247778748087
1.002688172043011 1.5890303404183725
1.0161290322580647 1.667545286299142
1.1827956989247315 1.7140133154938832
1.325268817204301 1.694785165482266
1.4543010752688175 1.5954397237555782
1.4327956989247315 1.5393576195550287
1.28494623655914 1.4928895903602877
1.075268817204301 1.521731815377713
0.924731182795699 1.5970420695898797
0.913978494623656 1.6611359029619364
1.075268817204301 1.717218007162486
1.352150537634409 1.6771593613049505
1.56989247311828 1.579416265412564
1.645161290322581 1.4976966278631918
1.577956989247312 1.4592403278399577
1.4220430107526885 1.4736614403486705
1.17741935483871 1.5377552737207272
1.075268817204301 1.5890303404183725
1.0618279569892475 1.6066561445956882
1.145161290322581 1.6050537987613869
1.239247311827957 1.579416265412564
1.2661290322580645 1.6931828196479648
1.282258064516129 1.6723523238020463
1.3010752688172045 1.6338960237788123
1.3118279569892475 1.6034514529270854
1.271505376344086 1.5954397237555782
1.131720430107527 1.598644415424181
1.056451612903226 1.6242819487730038
1.03494623655914 1.6627382487962379
1.053763440860215 1.7043992404880746
1.064516129032258 1.7124109696595817
1.067204301075269 1.7108086238252804
1.0618279569892475 1.7011945488194717
1.056451612903226 1.697989857150869
1.045698924731183 1.7124109696595817
1.0806451612903225 1.7316391196711987
1.2580645161290325 1.7332414655055
1.459677419354839 1.6563288654590322
1.545698924731183 1.5617904612352485
1.491935483870968 1.5009013195317946
1.2983870967741935 1.5073107028690003
1.134408602150538 1.5585857695666456
1.013440860215054 1.637100715447415
1.024193548387097 1.6915804738136633
1.2043010752688175 1.6755570154706492
1.3655913978494625 1.6034514529270854
1.4838709677419355 1.4928895903602877
1.4758064516129035 1.4448192153312451
1.3467741935483875 1.4448192153312451
1.120967741935484 1.5201294695434118
1.0188172043010755 1.5730068820753584
1.0295698924731185 1.5890303404183725
1.2150537634408605 1.5649951529038513
1.424731182795699 1.464047365342862
1.4543010752688175 1.4159769903138195
1.370967741935484 1.3743159986219826
1.17741935483871 1.4015558778051067
1.03494623655914 1.4864802070230818
1.043010752688172 1.5297435445492202
1.2795698924731185 1.5698021904067556
1.4543010752688175 1.5233341612120146
1.4838709677419355 1.4576379820056564
1.314516129032258 1.4127722986452167
1.1478494623655915 1.417579336148121
1.0268817204301077 1.448023906999848
1.0161290322580647 1.4736614403486705
1.166666666666667 1.483275515354479
1.282258064516129 1.464047365342862
1.338709677419355 1.4416145236626423
1.3118279569892475 1.4239887194853267
1.1182795698924735 1.4352051403254364
0.9489247311827957 1.4784684778515749
0.9112903225806452 1.513720086206206
0.9946236559139787 1.532948236217823
1.2043010752688175 1.5025036653660961
1.3091397849462365 1.4704567486800677
1.3225806451612905 1.4624450195085605
1.2688172043010755 1.4736614403486705
1.0833333333333335 1.5585857695666456
0.9704301075268817 1.648317136287525
0.978494623655914 1.6883757821450605
1.102150537634409 1.6771593613049505
1.3333333333333335 1.5698021904067556
1.4086021505376345 1.5089130487033018
1.416666666666667 1.4880825528573833
1.17741935483871 1.513720086206206
0.9166666666666667 1.6194749112700995
0.8252688172043012 1.6883757821450605
0.924731182795699 1.7316391196711987
1.231182795698925 1.6755570154706492
1.446236559139785 1.5698021904067556
1.580645161290323 1.4496262528341493
1.588709677419355 1.4191816819824223
1.384408602150538 1.4239887194853267
1.163978494623656 1.513720086206206
1.0833333333333335 1.5810186112468656
1.1155913978494625 1.640305407116018
1.317204301075269 1.6338960237788123
1.4946236559139785 1.5601881154009472
1.634408602150538 1.436807486159738
1.6370967741935485 1.367906615284777
1.4865591397849465 1.3839300736277913
1.263440860215054 1.4880825528573833
1.163978494623656 1.5762115737439613
1.2016129032258065 1.6114631820985925
1.381720430107527 1.598644415424181
1.567204301075269 1.4976966278631918
1.645161290322581 1.3999535319708054
1.6048387096774195 1.3614972319475713
1.413978494623656 1.3983511861365039
1.2473118279569895 1.4912872445259862
1.185483870967742 1.5601881154009472
1.209677419354839 1.5858256487497697
1.3010752688172045 1.5601881154009472
1.3010752688172045 1.5601881154009472
1.3118279569892475 1.5361529278864259
1.3548387096774195 1.4704567486800677
1.395161290322581 1.4320004486568336
1.4112903225806455 1.4207840278167239
1.459677419354839 1.4608426736742592
1.502688172043011 1.571404536241057
1.448924731182796 1.717218007162486
1.260752688172043 1.8069493738833655
1.03494623655914 1.8053470280490638
0.8897849462365592 1.7572766530200212
0.8521505376344087 1.7236273904996917
0.8951612903225807 1.6755570154706492
1.1801075268817205 1.579416265412564
1.303763440860215 1.55217638622944
1.317204301075269 1.5505740403951387
1.271505376344086 1.5842233029154684
1.075268817204301 1.6659429404648407
1.0188172043010755 1.6723523238020463
1.0107526881720432 1.6178725654357982
1.145161290322581 1.521731815377713
1.3225806451612905 1.4496262528341493
1.3978494623655915 1.4336027944911351
1.3897849462365595 1.4432168694969436
1.282258064516129 1.5121177403719046
1.0483870967741935 1.598644415424181
0.8629032258064517 1.6242819487730038
0.8091397849462367 1.590632686252674
0.9166666666666667 1.5185271237091102
1.166666666666667 1.4576379820056564
1.3870967741935485 1.4416145236626423
1.446236559139785 1.448023906999848
1.405913978494624 1.5377552737207272
1.2043010752688175 1.6531241737904292
1.03494623655914 1.6867734363107592
0.9704301075268817 1.625884294607305
0.9811827956989247 1.5569834237323443
1.1612903225806455 1.464047365342862
1.524193548387097 1.3935441486335998
1.696236559139785 1.3935441486335998
1.731182795698925 1.4496262528341493
1.56989247311828 1.6242819487730038
1.325268817204301 1.7508672696828156
1.1827956989247315 1.7620836905229256
1.1397849462365595 1.6819663988078548
1.196236559139785 1.6050537987613869
1.4086021505376345 1.4720590945143692
1.645161290322581 1.3566901944446672
1.741935483870968 1.321438586090036
1.706989247311828 1.3855324194620926
1.478494623655914 1.5473693487265359
1.3118279569892475 1.6451124446189223
1.206989247311828 1.6915804738136633
1.1935483870967745 1.667545286299142
1.325268817204301 1.579416265412564
1.524193548387097 1.5009013195317946
1.588709677419355 1.4768661320172733
1.5510752688172045 1.5073107028690003
1.5053763440860215 1.5297435445492202
1.67741935483871 1.4320004486568336
1.709677419354839 1.4239887194853267
1.7553763440860215 1.4159769903138195
1.75 1.448023906999848
1.5725806451612905 1.590632686252674
1.349462365591398 1.7043992404880746
1.241935483870968 1.7300367738368974
1.1048387096774195 1.697989857150869
1.153225806451613 1.689978127979362
1.330645161290323 1.6290889862759081
1.4731182795698925 1.5441646570579328
1.5376344086021505 1.4320004486568336
1.435483870967742 1.3647019236161742
1.1827956989247315 1.3534855027760642
0.9059139784946237 1.4191816819824223
0.7768817204301077 1.5297435445492202
0.860215053763441 1.6499194821218264
1.153225806451613 1.6915804738136633
1.395161290322581 1.6387030612817166
1.5618279569892475 1.521731815377713
1.5268817204301075 1.4239887194853267
1.282258064516129 1.3935441486335998
0.9704301075268817 1.4608426736742592
0.8118279569892475 1.5649951529038513
0.817204301075269 1.6419077529503194
1.067204301075269 1.7011945488194717
1.3870967741935485 1.659533557127635
1.545698924731183 1.5537787320637415
1.5080645161290325 1.4576379820056564
1.303763440860215 1.425591065319628
1.096774193548387 1.4736614403486705
1.0053763440860217 1.5473693487265359
1.075268817204301 1.6354983696131138
1.3091397849462365 1.667545286299142
1.5188172043010755 1.6050537987613869
1.5725806451612905 1.5233341612120146
1.448924731182796 1.4672520570114649
1.220430107526882 1.4864802070230818
1.067204301075269 1.5505740403951387
1.013440860215054 1.5890303404183725
1.0806451612903225 1.601849107092784
1.2016129032258065 1.57460922790966
1.2795698924731185 1.5441646570579328
1.795698924731183 1.3887371111306954
1.7930107526881724 1.3727136527876813
1.787634408602151 1.3182338944214331
1.6827956989247315 1.3390643902673516
1.731182795698925 1.3663042694504757
1.8467741935483875 1.3518831569417629
1.8360215053763445 1.3390643902673516
1.7930107526881724 1.3038127819127203
1.6908602150537635 1.3166315485871316
1.7473118279569895 1.332655006930146
1.7768817204301075 1.3406667361016529
1.78494623655914 1.3406667361016529
1.7903225806451615 1.3406667361016529
1.7903225806451615 1.3422690819359544
1.7903225806451615 1.3454737736045572
1.787634408602151 1.3454737736045572
1.78494623655914 1.3454737736045572
1.771505376344086 1.3470761194388585
1.645161290322581 1.2877893235697062
1.717741935483871 1.2717658652266919
1.577956989247312 1.3086198194156247
1.5188172043010755 1.3422690819359544
1.602150537634409 1.3246432777586388
1.634408602150538 1.3534855027760642
1.8763440860215055 1.2925963610726103
1.720430107526882 1.252537715215075
1.809139784946237 1.2397189485406637
1.8118279569892475 1.2397189485406637
1.849462365591398 1.2429236402092665
1.946236559139785 1.2397189485406637
2.0645161290322585 1.2285025277005537
2.134408602150538 1.2188884526947452
2.185483870967742 1.210876723523238
2.2715053763440864 1.2012626485174296
2.3440860215053765 1.1772274610029083
2.4301075268817205 1.1387711609796745
2.505376344086022 1.0730749817733163
2.4973118279569895 1.021799915075671
2.438172043010753 0.9416826233605999
2.3682795698924735 0.8807934816571461
2.3010752688172045 0.8263137232908979
2.174731182795699 0.7878574232676641
2.067204301075269 0.7830503857647597
1.9516129032258065 0.8086879191135825
1.8360215053763445 0.8663723691484335
1.7795698924731185 0.8984192858344617
1.698924731182796 0.9400802775262986
1.6263440860215055 1.0009694192297525
1.577956989247312 1.0522444859273978
1.56989247311828 1.1035195526250432
1.602150537634409 1.1499875818197842
1.634408602150538 1.183636844340114
1.696236559139785 1.2252978360319509
1.8118279569892475 1.252537715215075
1.9838709677419355 1.2493330235464721
2.1182795698924735 1.2188884526947452
2.2150537634408605 1.1596016568255927
2.2688172043010755 1.1003148609564404
2.2365591397849465 0.9769342317152312
2.131720430107527 0.9064310150059689
1.9220430107526885 0.8775887899885433
1.7016129032258065 0.8936122483315576
1.56989247311828 0.968922502543724
1.5833333333333335 1.0890984401163304
1.798387096774194 1.1884438818430183
2.1075268817204305 1.1980579568488268
2.3548387096774195 1.117940665133756
2.4650537634408605 0.9961623817268481
2.4301075268817205 0.8775887899885433
2.252688172043011 0.7910621149362669
2.067204301075269 0.7894597691019654
1.916666666666667 0.8791911358228448
1.8440860215053765 1.033016335915781
1.884408602150538 1.1740227693343055
1.9973118279569895 1.222093144363348
2.2258064516129035 1.1820344985058127
2.4005376344086025 1.0746773276076176
2.4435483870967745 0.9673201567094227
2.352150537634409 0.911238052508873
2.110215053763441 0.922454473348983
1.9220430107526885 1.007378802566958
1.884408602150538 1.1019172067907417
2.0430107526881724 1.1932509193459226
2.298387096774194 1.1820344985058127
2.435483870967742 1.1003148609564404
2.4220430107526885 1.010583494235561
2.228494623655914 0.9448873150292028
2.024193548387097 0.9561037358693127
1.92741935483871 1.0089811484012596
1.8978494623655915 1.1147359734651532
2.0618279569892475 1.175625115168607
2.3225806451612905 1.1051218984593445
2.4623655913978495 0.9881506525553412
2.4301075268817205 0.9080333608402702
2.217741935483871 0.9096357066745717
1.956989247311828 1.007378802566958
1.806451612903226 1.1291570859738658
1.827956989247312 1.2012626485174296
2.077956989247312 1.1772274610029083
2.3118279569892475 1.0698702901047135
2.39247311827957 0.9625131192065184
2.3010752688172045 0.9064310150059689
2.037634408602151 0.911238052508873
1.7795698924731185 0.9945600358925468
1.663978494623656 1.1035195526250432
1.8037634408602155 1.1884438818430183
2.0967741935483875 1.1820344985058127
2.2795698924731185 1.1003148609564404
2.2822580645161294 1.0089811484012596
2.1720430107526885 0.9577060817036143
1.9516129032258065 0.9432849691949015
1.81989247311828 0.9945600358925468
1.8252688172043015 1.0474374484244935
1.9973118279569895 1.0890984401163304
2.185483870967742 1.0650632526018091
2.276881720430108 0.9977647275611496
2.252688172043011 0.9032263233373661
2.088709677419355 0.8487465649711179
1.913978494623656 0.8679747149827348
1.798387096774194 0.9448873150292028
1.760752688172043 1.037823373418685
1.860215053763441 1.0939054776192347
2.0618279569892475 1.0650632526018091
2.185483870967742 0.9545013900350114
2.1935483870967745 0.8807934816571461
2.099462365591398 0.8343254524624051
1.841397849462366 0.875986444154242
1.620967741935484 0.9881506525553412
1.580645161290323 1.1419758526482773
1.827956989247312 1.2381166027063621
2.1612903225806455 1.202864994351731
2.3333333333333335 1.0923031317849332
2.309139784946237 0.9849459608867384
2.1075268817204305 0.9208521275146817
1.905913978494624 0.9304662025204902
1.787634408602151 0.9945600358925468
1.7903225806451615 1.0890984401163304
1.946236559139785 1.1547946193226886
2.1505376344086025 1.1115312817965504
2.263440860215054 0.9929576900582453
2.209677419354839 0.9160450900117774
2.0080645161290325 0.911238052508873
1.763440860215054 0.9945600358925468
1.6370967741935485 1.1099289359622488
1.7338709677419355 1.1964556110145255
1.956989247311828 1.206069686020334
2.2580645161290325 1.1211453568023588
2.39247311827957 1.0089811484012596
2.352150537634409 0.9240568191832845
2.1075268817204305 0.9048286691716674
1.862903225806452 0.968922502543724
1.7661290322580645 1.0426304109215894
1.849462365591398 1.14518054431688
2.1397849462365595 1.1772274610029083
2.3575268817204305 1.1115312817965504
2.4301075268817205 1.018595223407068
2.338709677419355 0.9464896608635043
2.024193548387097 0.9352732400233943
1.741935483870968 0.9945600358925468
1.6370967741935485 1.0939054776192347
1.78494623655914 1.1628063484941955
2.0618279569892475 1.1163383192994545
2.2903225806451615 1.0089811484012596
2.3548387096774195 0.9240568191832845
2.3010752688172045 0.9000216316687633
2.1075268817204305 0.9192497816803802
1.948924731182796 0.9961623817268481
1.9112903225806455 1.0650632526018091
2.0537634408602155 1.1035195526250432
2.2150537634408605 1.0778820192762204
2.2903225806451615 1.0234022609099722
2.2365591397849465 0.9673201567094227
2.110215053763441 0.9561037358693127
1.991935483870968 0.9945600358925468
1.9516129032258065 1.037823373418685
2.056451612903226 1.0634609067675078
2.185483870967742 1.0442327567558907
2.228494623655914 0.9897529983896425
2.163978494623656 0.9384779316919971
1.991935483870968 0.9320685483547915
1.8790322580645165 0.9817412692181355
1.852150537634409 1.0250046067442737
1.913978494623656 1.0362210275843837
2.03494623655914 0.9833436150524368
2.0645161290322585 0.9192497816803802
1.970430107526882 0.8872028649943517
1.763440860215054 0.9176474358460789
1.612903225806452 0.9945600358925468
1.5833333333333335 1.0474374484244935
1.817204301075269 1.0842914026134263
2.1612903225806455 1.0650632526018091
2.3360215053763445 1.010583494235561
2.3360215053763445 0.9448873150292028
2.1075268817204305 0.9080333608402702
1.7580645161290325 0.9833436150524368
1.6720430107526885 1.0842914026134263
1.841397849462366 1.1676133859970999
2.17741935483871 1.1547946193226886
2.3978494623655915 1.0538468317616991
2.4435483870967745 0.9464896608635043
2.360215053763441 0.9064310150059689
1.9731182795698925 0.9096357066745717
1.763440860215054 0.9609107733722171
1.696236559139785 1.0778820192762204
1.870967741935484 1.148385235985483
2.298387096774194 1.1419758526482773
2.4623655913978495 1.0522444859273978
2.4435483870967745 0.9593084275379156
2.2715053763440864 0.9160450900117774
2.067204301075269 0.9432849691949015
1.948924731182796 0.9993670733954509
1.9220430107526885 1.0250046067442737
2.1908602150537635 0.8279160691251994
2.0860215053763445 1.0282092984128766
