1.6586021505376345 1.4239887194853267
1.3467741935483875 1.2269001818662524
1.4623655913978495 1.0057764567326568
1.970430107526882 1.1035195526250432
2.228494623655914 1.367906615284777
2.037634408602151 1.425591065319628
2.255376344086022 1.1900462276773196
2.0645161290322585 1.2653564818894862
1.1693548387096775 1.3422690819359544
1.3548387096774195 1.3550878486103657
1.602150537634409 1.3727136527876813
1.674731182795699 1.1884438818430183
1.521505376344086 1.1003148609564404
1.5053763440860215 1.2397189485406637
1.6397849462365595 1.2509353693807737
1.862903225806452 1.4384098319940395
1.8763440860215055 1.4448192153312451
1.8763440860215055 1.4448192153312451
1.7930107526881724 1.3198362402557344
1.978494623655914 1.3118245110842275
1.8252688172043015 1.1692157318314014
1.7338709677419355 1.0394257192529865
1.663978494623656 1.0971101692878376
1.978494623655914 1.206069686020334
2.0752688172043015 1.1547946193226886
1.827956989247312 1.2509353693807737
1.8978494623655915 1.3663042694504757
1.599462365591398 1.302210436078419
2.188172043010753 1.3006080902441175
2.0967741935483875 1.3630995777818729
2.1397849462365595 1.1932509193459226
1.827956989247312 1.0923031317849332
1.741935483870968 1.1115312817965504
1.860215053763441 1.1435781984825786
1.7661290322580645 1.222093144363348
1.7338709677419355 1.3038127819127203
1.741935483870968 1.395146494467901
1.9327956989247315 1.2781752485638977
1.567204301075269 1.1724204235000042
1.5161290322580645 1.3518831569417629
1.3010752688172045 1.2974033985755147
1.3897849462365595 1.1980579568488268
1.381720430107527 1.090700785950632
2.3145161290322585 1.3422690819359544
2.3870967741935485 1.2605494443865821
2.4892473118279574 1.448023906999848
2.4650537634408605 1.332655006930146
2.5403225806451615 1.2861869777354047
1.3763440860215055 1.2477306777121708
1.4516129032258065 1.3294503152615431
1.524193548387097 1.274970556895295
1.4623655913978495 1.183636844340114
1.56989247311828 1.1163383192994545
1.67741935483871 1.1355664693110714
1.8682795698924735 1.2285025277005537
1.852150537634409 1.3134268569185288
1.9865591397849465 1.2669588277237878
2.1048387096774195 1.3342573527644472
2.17741935483871 1.2701635193923906
2.0295698924731185 1.1916485735116211
2.2580645161290325 1.2477306777121708
1.9758064516129035 1.3839300736277913
1.67741935483871 1.34867846527316
2.6801075268817205 1.3470761194388585
2.7607526881720434 1.5201294695434118
2.9569892473118284 1.4576379820056564
3.064516129032258 1.3935441486335998
3.330645161290323 1.5041060112003974
3.182795698924732 1.56339280706955
3.091397849462366 1.601849107092784
3.411290322580646 1.6723523238020463
3.389784946236559 1.4704567486800677
3.293010752688172 1.3887371111306954
3.228494623655914 1.425591065319628
3.228494623655914 1.4271934111539295
3.118279569892473 1.4448192153312451
3.0107526881720434 1.5297435445492202
2.9462365591397854 1.5297435445492202
2.809139784946237 1.5730068820753584
2.916666666666667 1.5810186112468656
2.994623655913979 1.6178725654357982
3.153225806451613 1.7011945488194717
3.223118279569893 1.697989857150869
3.325268817204301 1.6579312112933335
3.376344086021506 1.57460922790966
3.440860215053764 1.5601881154009472
3.451612903225807 1.5858256487497697
3.233870967741936 1.5938373779212769
3.126344086021506 1.6451124446189223
2.9892473118279574 1.6723523238020463
3.223118279569893 1.659533557127635
3.28494623655914 1.5489716945608372
3.241935483870968 1.5041060112003974
3.110215053763441 1.4928895903602877
3.096774193548387 1.5553810778980428
3.161290322580645 1.5009013195317946
3.274193548387097 1.4416145236626423
3.365591397849463 1.4079652611423124
3.016129032258065 1.4159769903138195
3.158602150537635 1.3647019236161742
2.951612903225807 1.3855324194620926
2.862903225806452 1.4400121778283408
2.798387096774194 1.3775206902905854
2.7043010752688175 1.4127722986452167
2.6478494623655915 1.483275515354479
2.7365591397849465 1.4880825528573833
2.870967741935484 1.4912872445259862
2.973118279569893 1.56339280706955
2.8978494623655915 1.6306913321102094
2.798387096774194 1.625884294607305
3.389784946236559 1.637100715447415
