1.674731182795699 1.2204907985290467
2.088709677419355 1.183636844340114
2.110215053763441 1.0234022609099722
1.7258064516129035 0.9480920066978058
1.448924731182796 1.021799915075671
1.3548387096774195 1.1163383192994545
1.373655913978495 1.1820344985058127
1.849462365591398 1.2958010527412132
1.913978494623656 1.2285025277005537
1.9301075268817205 1.1003148609564404
1.7043010752688175 0.9817412692181355
1.5510752688172045 0.9865483067210397
1.5967741935483875 1.0650632526018091
1.8978494623655915 1.1163383192994545
2.059139784946237 1.0923031317849332
2.0403225806451615 0.9641154650408199
1.8252688172043015 0.9192497816803802
1.3978494623655915 1.0314139900814794
1.352150537634409 1.1323617776424686
1.4946236559139785 1.1772274610029083
1.7446236559139785 1.1243500484709616
1.763440860215054 1.0250046067442737
1.6182795698924735 0.9577060817036143
1.4973118279569895 0.9609107733722171
1.6586021505376345 1.137168815145373
1.7365591397849465 1.1692157318314014
2.0295698924731185 1.0282092984128766
1.806451612903226 0.9561037358693127
1.4973118279569895 1.0410280650872878
1.352150537634409 1.210876723523238
1.510752688172043 1.2493330235464721
1.7903225806451615 1.2301048735348552
1.938172043010753 1.0698702901047135
1.8575268817204305 0.9961623817268481
1.612903225806452 1.0009694192297525
1.456989247311828 1.1115312817965504
1.6290322580645165 1.2301048735348552
1.89247311827957 1.222093144363348
1.9731182795698925 1.1211453568023588
1.8145161290322585 1.0554491775960007
1.5833333333333335 1.0842914026134263
1.524193548387097 1.1612040026598942
1.7231182795698925 1.222093144363348
2.016129032258065 1.1964556110145255
2.0322580645161294 1.0666655984361106
1.8763440860215055 1.037823373418685
1.817204301075269 1.037823373418685
2.188172043010753 1.0714726359390148
2.384408602150538 1.1131336276308517
1.688172043010753 1.1323617776424686
1.481182795698925 1.1227477026366601
1.6290322580645165 1.0538468317616991
1.7580645161290325 1.0522444859273978
1.9435483870967745 1.1499875818197842
1.580645161290323 1.2012626485174296
1.827956989247312 1.1980579568488268
2.099462365591398 1.1467828901511814
1.5940860215053765 1.0666655984361106
1.5940860215053765 1.0666655984361106
1.6155913978494625 1.033016335915781
1.6155913978494625 1.0346186817500822
1.521505376344086 1.2252978360319509
1.959677419354839 1.1884438818430183
1.5618279569892475 1.1820344985058127
1.8897849462365595 1.1852391901744155
1.817204301075269 0.9817412692181355
1.6397849462365595 1.0137881859041638
1.5618279569892475 1.1083265901279473
1.5618279569892475 1.1083265901279473
1.6048387096774195 1.1355664693110714
2.491935483870968 1.2236954901976496
2.884408602150538 1.3134268569185288
2.9086021505376345 1.3566901944446672
3.223118279569893 1.4576379820056564
3.473118279569893 1.4912872445259862
3.717741935483871 1.4960942820288905
4.091397849462366 1.456035636171355
4.376344086021506 1.34867846527316
4.483870967741936 1.2813799402325006
4.647849462365592 1.1435781984825786
4.690860215053764 1.0474374484244935
4.706989247311828 0.9016239775030646
4.71236559139785 0.8359277982967066
4.610215053763441 0.7093424773868944
4.486559139784947 0.622815802334618
4.311827956989248 0.5170609772707244
4.03494623655914 0.42893195638414644
3.715053763440861 0.40008973136672094
3.521505376344086 0.40008973136672094
3.163978494623656 0.47379763974458616
3.002688172043011 0.5667336981340683
2.8763440860215055 0.7221612440613059
2.8360215053763445 0.9128403983431745
2.8548387096774195 1.0282092984128766
3.0188172043010755 1.241321294374965
3.274193548387097 1.3871347652963941
3.529569892473119 1.4464215611655464
3.916666666666667 1.4416145236626423
4.204301075268818 1.310222165249926
4.352150537634409 1.153192273488387
4.42741935483871 0.8856005191600504
4.290322580645162 0.6869096357066746
4.064516129032258 0.5475055481224513
3.905913978494624 0.49783282725910744
3.360215053763441 0.507446902264916
3.086021505376344 0.6404416065119336
2.8978494623655915 0.8311207607938023
2.8790322580645165 1.1243500484709616
3.10483870967742 1.2829822860668019
3.381720430107527 1.34867846527316
3.946236559139785 1.2765729027295962
4.174731182795699 1.1515899276540857
4.325268817204302 0.8936122483315576
4.174731182795699 0.7974714982734725
3.553763440860215 0.8086879191135825
3.389784946236559 0.864770023314132
3.311827956989248 0.9144427441774758
3.510752688172043 1.090700785950632
3.510752688172043 1.1547946193226886
4.013440860215054 1.2076720318546352
4.120967741935484 1.049039794258795
3.975806451612904 0.8599629858112277
3.465053763440861 0.8311207607938023
3.131720430107527 0.9705248483780256
2.983870967741936 1.1612040026598942
3.172043010752689 1.279777594398199
3.790322580645162 1.3054151277470218
4.225806451612904 1.1163383192994545
4.381720430107527 0.7798456940961569
4.115591397849463 0.6420439523462349
3.5 0.6436462981805364
3.045698924731183 0.8054832274449795
2.81989247311828 1.0923031317849332
2.89247311827957 1.194853265180224
3.42741935483871 1.2925963610726103
3.930107526881721 1.2269001818662524
4.370967741935484 0.9480920066978058
4.376344086021506 0.7862550774333625
4.25 0.7077401315525931
3.618279569892473 0.6740908690322633
3.24731182795699 0.8199043399536923
3.10483870967742 1.0746773276076176
3.172043010752689 1.2124790693575396
3.599462365591398 1.2877893235697062
3.954301075268818 1.1980579568488268
4.129032258064517 0.9721271942123269
4.043010752688172 0.8295184149595007
3.588709677419355 0.7766410024275541
3.333333333333334 0.8455418733025151
3.728494623655914 0.9064310150059689
3.551075268817205 1.1547946193226886
4.043010752688172 1.1820344985058127
4.260752688172043 1.0410280650872878
4.196236559139785 0.8823958274914476
3.88978494623656 0.8038808816106782
3.521505376344086 0.8823958274914476
3.204301075268818 1.1019172067907417
3.473118279569893 1.1724204235000042
3.844086021505377 1.0987125151221389
3.989247311827957 0.8711794066513376
3.873655913978495 0.7878574232676641
3.556451612903226 0.8295184149595007
3.341397849462366 0.9561037358693127
3.35752688172043 1.0858937484477276
3.610215053763441 1.090700785950632
3.986559139784947 0.9064310150059689
3.96236559139785 0.7461964315758272
3.731182795698925 0.6404416065119336
3.215053763440861 0.6452486440148377
2.970430107526882 0.7285706273985115
3.0000000000000004 0.8439395274682135
3.435483870967742 0.8343254524624051
3.852150537634409 0.6837049440380718
3.873655913978495 0.5827571564770826
3.483870967741936 0.5795524648084798
3.215053763440861 0.6853072898723733
3.059139784946237 0.8695770608170363
3.14247311827957 0.9657178108751212
3.663978494623656 1.3967488403022026
3.78494623655914 1.3919418027992982
4.137096774193549 0.8439395274682135
3.967741935483871 0.7766410024275541
3.739247311827957 0.7718339649246497
3.440860215053764 0.8743840983199405
3.223118279569893 1.0554491775960007
3.215053763440861 1.2893916694040075
3.685483870967742 1.3406667361016529
4.021505376344086 1.2925963610726103
4.384408602150538 1.0346186817500822
4.376344086021506 0.8984192858344617
4.06989247311828 0.8567582941426248
3.766129032258065 0.9464896608635043
3.346774193548387 1.2365142568720608
3.419354838709678 1.367906615284777
3.88978494623656 1.3775206902905854
4.282258064516129 1.2252978360319509
4.483870967741936 0.8695770608170363
4.31989247311828 0.7029330940496887
3.809139784946237 0.6837049440380718
3.322580645161291 0.8263137232908979
3.002688172043011 1.1051218984593445
3.10483870967742 1.2204907985290467
3.612903225806452 1.2269001818662524
3.938172043010753 1.0939054776192347
4.155913978494624 0.7990738441077738
4.115591397849463 0.7029330940496887
3.682795698924732 0.680500252369469
3.336021505376344 0.7894597691019654
3.215053763440861 0.9192497816803802
3.655913978494624 0.9048286691716674
3.696236559139785 1.0057764567326568
3.935483870967742 1.0538468317616991
3.897849462365592 0.9657178108751212
3.599462365591398 0.9080333608402702
3.349462365591398 0.9961623817268481
3.400537634408603 1.0714726359390148
3.903225806451613 1.0746773276076176
4.201612903225807 0.9464896608635043
4.239247311827957 0.8583606399769264
4.048387096774194 0.6420439523462349
3.693548387096775 0.7654245815874441
3.352150537634409 1.0394257192529865
3.481182795698925 1.2317072193691565
3.857526881720431 1.2733682110609934
4.206989247311828 1.1403735068139758
4.38978494623656 0.9000216316687633
4.322580645161291 0.6148040731631108
3.973118279569893 0.5122539397678201
3.201612903225807 0.6019853064886995
2.8360215053763445 0.8247113774565966
2.766129032258065 1.0939054776192347
2.9543010752688175 1.2397189485406637
3.666666666666667 1.2717658652266919
4.040322580645162 1.1612040026598942
4.405913978494624 0.8359277982967066
4.357526881720431 0.6772955607008662
3.965053763440861 0.6132017273288095
3.486559139784947 0.6660791398607562
3.110215053763441 0.9577060817036143
3.263440860215054 1.1772274610029083
3.559139784946237 1.279777594398199
3.696236559139785 1.3054151277470218
4.344086021505377 1.1131336276308517
4.443548387096775 0.9432849691949015
4.314516129032259 0.7189565523927031
4.064516129032258 0.6997284023810859
3.631720430107527 0.8631676774798307
3.524193548387097 1.033016335915781
3.688172043010753 1.2589470985522806
4.190860215053764 1.2621517902208834
4.577956989247312 1.1403735068139758
4.63978494623656 0.991355344223944
4.524193548387097 0.9577060817036143
4.126344086021506 1.002571765064054
3.967741935483871 1.060256215098905
3.943548387096775 1.0826890567791247
3.978494623655914 1.106724244293646
4.395161290322581 0.8006761899420753
4.489247311827957 1.0923031317849332
4.201612903225807 1.2781752485638977
3.841397849462366 1.3566901944446672
3.46236559139785 1.3198362402557344
3.311827956989248 1.1916485735116211
3.360215053763441 0.9512966983664086
3.685483870967742 0.7718339649246497
3.905913978494624 0.7830503857647597
3.965053763440861 0.8006761899420753
4.056451612903226 1.241321294374965
3.793010752688172 1.3839300736277913
3.543010752688172 1.4095676069766139
3.728494623655914 1.2477306777121708
4.231182795698925 1.1211453568023588
4.373655913978495 1.1115312817965504
4.330645161290323 1.2285025277005537
4.06989247311828 1.33746204443305
3.696236559139785 1.3807253819591883
3.435483870967742 1.3150292027528303
3.352150537634409 1.1692157318314014
3.413978494623656 0.8920099024972561
3.720430107526882 0.807085573279281
4.155913978494624 0.818301994119391
4.190860215053764 0.8791911358228448
3.798387096774194 1.1195430109680573
3.389784946236559 1.1403735068139758
3.271505376344086 0.8583606399769264
3.489247311827957 0.576347773139877
3.658602150537635 0.42893195638414644
3.720430107526882 0.43213664805274926
3.758064516129033 0.5891665398142882
3.53494623655914 0.8599629858112277
3.360215053763441 0.9128403983431745
3.263440860215054 0.9288638566861886
3.274193548387097 0.7590151982502384
3.341397849462366 0.7510034690787313
3.647849462365592 0.4337389938870507
3.349462365591398 0.3263818229888557
3.0215053763440864 0.6099970356602067
2.9354838709677424 0.7798456940961569
3.150537634408602 0.933670894189093
3.755376344086022 0.9785365775495327
3.948924731182796 0.7750386565932526
3.895161290322581 0.7093424773868944
3.723118279569893 0.7397870482386215
3.505376344086022 0.9288638566861886
3.470430107526882 1.2829822860668019
3.983870967741936 1.2733682110609934
4.188172043010753 1.1660110401627986
4.276881720430108 0.8984192858344617
4.077956989247312 0.7846527315990612
3.298387096774194 0.9400802775262986
3.129032258064516 1.087496094282029
3.091397849462366 1.2397189485406637
3.470430107526882 1.3406667361016529
3.790322580645162 1.3054151277470218
4.018817204301076 1.117940665133756
3.943548387096775 0.8343254524624051
3.626344086021506 0.7429917399072243
3.231182795698925 0.8487465649711179
3.040322580645162 1.0987125151221389
3.166666666666667 1.34867846527316
3.478494623655914 1.3871347652963941
4.026881720430108 1.2493330235464721
4.397849462365592 0.8936122483315576
4.309139784946237 0.6404416065119336
4.231182795698925 0.6260204940032208
3.612903225806452 0.6997284023810859
3.239247311827957 0.9593084275379156
3.198924731182796 1.1083265901279473
3.370967741935484 1.1435781984825786
3.752688172043011 0.9673201567094227
3.717741935483871 0.818301994119391
3.470430107526882 0.7157518607241002
3.311827956989248 0.7189565523927031
2.96236559139785 0.9016239775030646
2.9462365591397854 0.9480920066978058
3.016129032258065 1.0201975692413694
3.043010752688172 1.0314139900814794
3.061827956989248 0.9977647275611496
3.059139784946237 0.9384779316919971
3.0215053763440864 0.9368755858576958
2.951612903225807 1.0346186817500822
2.973118279569893 1.1211453568023588
2.9758064516129035 1.1419758526482773
3.0080645161290325 1.1227477026366601
3.053763440860215 1.0698702901047135
2.5860215053763445 1.1884438818430183
2.7903225806451615 1.2156837610261424
3.311827956989248 1.279777594398199
3.424731182795699 1.2813799402325006
4.161290322580646 0.8904075566629548
4.075268817204301 0.8150973024507882
3.723118279569893 0.8247113774565966
3.381720430107527 1.0442327567558907
3.31989247311828 1.210876723523238
3.486559139784947 1.3230409319243372
3.967741935483871 1.233309565203458
4.10483870967742 1.0746773276076176
4.008064516129033 0.9032263233373661
3.67741935483871 0.8743840983199405
3.327956989247312 0.9881506525553412
3.198924731182796 1.2477306777121708
3.416666666666667 1.3887371111306954
3.849462365591398 1.4544332903370536
4.258064516129033 1.3006080902441175
4.413978494623656 1.0826890567791247
4.440860215053764 0.8519512566397207
4.193548387096775 0.7253659357299087
3.846774193548387 0.8166996482850895
3.475806451612904 1.1275547401395645
3.438172043010753 1.2877893235697062
3.75 1.3711113069533798
4.010752688172043 1.3310526610958444
4.368279569892474 1.0778820192762204
4.451612903225807 0.8936122483315576
4.330645161290323 0.8054832274449795
4.016129032258065 0.8695770608170363
3.594086021505377 1.1515899276540857
3.559139784946237 1.3038127819127203
3.954301075268818 1.367906615284777
4.46236559139785 1.206069686020334
4.680107526881721 1.010583494235561
4.623655913978495 0.8231090316222951
4.276881720430108 0.8134949566164866
3.741935483870968 1.0169928775727666
3.637096774193549 1.1932509193459226
3.680107526881721 1.2877893235697062
3.994623655913979 1.2765729027295962
4.422043010752689 1.026606952578575
4.46236559139785 0.8279160691251994
4.155913978494624 0.6772955607008662
3.932795698924732 0.6885119815409761
3.672043010752689 0.7990738441077738
3.752688172043011 1.0538468317616991
3.844086021505377 1.0394257192529865
4.112903225806452 0.8695770608170363
3.634408602150538 0.9593084275379156
3.403225806451613 1.1884438818430183
3.419354838709678 1.2765729027295962
3.844086021505377 1.3134268569185288
4.53494623655914 1.0410280650872878
4.586021505376345 0.8952145941658589
4.35483870967742 0.8407348357996107
4.021505376344086 0.9352732400233943
3.60483870967742 1.2349119110377593
3.575268817204301 1.279777594398199
3.741935483870968 1.4287957569882308
4.357526881720431 1.1804321526715111
4.526881720430108 0.9593084275379156
4.408602150537635 0.7910621149362669
4.037634408602151 0.8086879191135825
3.422043010752689 1.0586538692646035
3.123655913978495 1.3390643902673516
3.112903225806452 1.4271934111539295
3.545698924731183 1.4336027944911351
4.064516129032258 1.2092743776889368
4.209677419354839 0.9128403983431745
4.172043010752689 0.7686292732560469
3.852150537634409 0.6244181481689193
3.540322580645162 0.6148040731631108
3.14247311827957 0.7445940857415256
3.002688172043011 0.9304662025204902
3.28494623655914 0.9160450900117774
3.596774193548387 0.7590151982502384
3.690860215053764 0.5298797439451357
3.46236559139785 0.43053430221844785
3.166666666666667 0.4225225730469408
2.9193548387096775 0.6356345690090293
2.9354838709677424 0.7157518607241002
3.131720430107527 0.7013307482153874
3.360215053763441 0.5619266606311641
3.373655913978495 0.4930257897562031
3.309139784946237 0.48821875225329886
3.06989247311828 0.5362891272823413
2.994623655913979 0.6468509898491392
3.182795698924732 0.6596697565235505
3.481182795698925 0.5747454273055754
3.559139784946237 0.5170609772707244
3.459677419354839 0.49943517309340885
3.180107526881721 0.5875641939799867
3.158602150537635 0.6196111106660152
3.163978494623656 0.6452486440148377
3.948924731182796 0.5362891272823413
3.943548387096775 0.603587652323001
3.510752688172043 1.0522444859273978
3.448924731182796 1.1996603026831283
3.715053763440861 1.183636844340114
4.233870967741936 0.8727817524856392
4.220430107526882 0.6981260565467846
3.96236559139785 0.6372369148433308
3.645161290322581 0.7445940857415256
3.303763440860215 0.9480920066978058
3.314516129032258 0.9961623817268481
3.801075268817205 0.875986444154242
3.916666666666667 0.8118926107821853
3.922043010752689 0.7942668066048697
3.736559139784947 0.8743840983199405
3.60752688172043 0.9833436150524368
3.701612903225807 1.0314139900814794
4.086021505376345 0.9192497816803802
4.311827956989248 0.8102902649478838
4.147849462365592 0.9080333608402702
3.849462365591398 1.0826890567791247
3.516129032258065 1.3134268569185288
3.502688172043011 1.3438714277702557
3.981182795698925 1.1676133859970999
4.397849462365592 0.8615653316455292
4.400537634408603 0.8038808816106782
4.258064516129033 0.8263137232908979
3.672043010752689 1.0939054776192347
3.384408602150538 1.290994015238309
3.395161290322581 1.4095676069766139
3.685483870967742 1.3582925402789685
4.309139784946237 1.0730749817733163
4.483870967741936 0.8984192858344617
4.411290322580646 0.7782433482618554
3.989247311827957 0.7910621149362669
3.599462365591398 0.8263137232908979
3.521505376344086 0.8407348357996107
