1.352150537634409 1.183636844340114
1.3763440860215055 1.1868415360087168
1.5053763440860215 1.1916485735116211
1.663978494623656 1.1403735068139758
1.6827956989247315 1.076279673441919
1.6182795698924735 1.033016335915781
1.446236559139785 1.0282092984128766
1.295698924731183 1.0890984401163304
1.241935483870968 1.153192273488387
1.3333333333333335 1.1852391901744155
1.4435483870967745 1.175625115168607
1.513440860215054 1.1403735068139758
1.4865591397849465 1.090700785950632
1.395161290322581 1.0730749817733163
1.3467741935483875 1.1019172067907417
1.3575268817204305 1.1355664693110714
1.4220430107526885 1.148385235985483
1.438172043010753 1.1291570859738658
1.373655913978495 1.0650632526018091
1.274193548387097 1.0346186817500822
1.1586021505376345 1.0714726359390148
1.1505376344086025 1.1275547401395645
1.271505376344086 1.137168815145373
1.470430107526882 1.068267944270412
1.5295698924731185 1.0089811484012596
1.4516129032258065 0.9865483067210397
1.3870967741935485 0.9865483067210397
1.4005376344086025 1.0842914026134263
1.56989247311828 1.1355664693110714
1.663978494623656 1.1435781984825786
1.6397849462365595 1.1275547401395645
1.524193548387097 1.117940665133756
1.424731182795699 1.1467828901511814
1.3870967741935485 1.202864994351731
1.4220430107526885 1.233309565203458
1.4865591397849465 1.2044673401860324
1.4865591397849465 1.148385235985483
1.416666666666667 1.0971101692878376
1.338709677419355 1.0842914026134263
1.2795698924731185 1.1147359734651532
1.28494623655914 1.148385235985483
1.362903225806452 1.1660110401627986
1.448924731182796 1.1547946193226886
1.470430107526882 1.1275547401395645
1.4650537634408605 1.1099289359622488
1.4650537634408605 1.1099289359622488
1.4838709677419355 1.106724244293646
1.53494623655914 1.090700785950632
1.553763440860215 1.0554491775960007
1.4758064516129035 1.0201975692413694
1.3467741935483875 1.0121858400698625
1.2231182795698925 1.0442327567558907
1.1720430107526885 1.0826890567791247
1.2580645161290325 1.1099289359622488
1.3575268817204305 1.1035195526250432
1.4005376344086025 1.090700785950632
1.3897849462365595 1.076279673441919
1.3575268817204305 1.0714726359390148
1.330645161290323 1.076279673441919
1.3225806451612905 1.1099289359622488
1.3870967741935485 1.1387711609796745
1.478494623655914 1.1291570859738658
1.513440860215054 1.0971101692878376
1.481182795698925 1.0522444859273978
1.3655913978494625 1.026606952578575
1.317204301075269 1.037823373418685
1.2795698924731185 1.0698702901047135
1.293010752688172 1.1387711609796745
1.413978494623656 1.1612040026598942
1.521505376344086 1.1243500484709616
1.559139784946237 1.0730749817733163
1.481182795698925 1.026606952578575
1.3655913978494625 1.0362210275843837
1.303763440860215 1.0746773276076176
1.3010752688172045 1.1131336276308517
1.4516129032258065 1.1612040026598942
1.56989247311828 1.14518054431688
1.612903225806452 1.1099289359622488
1.610215053763441 1.068267944270412
1.5618279569892475 1.0506421400930963
1.4731182795698925 1.0666655984361106
1.4112903225806455 1.117940665133756
1.4408602150537635 1.1596016568255927
1.5295698924731185 1.1612040026598942
1.602150537634409 1.1115312817965504
1.6048387096774195 1.0554491775960007
1.5403225806451615 1.0250046067442737
1.403225806451613 1.037823373418685
1.295698924731183 1.1131336276308517
1.2983870967741935 1.1435781984825786
1.341397849462366 1.148385235985483
1.341397849462366 1.148385235985483
1.3655913978494625 1.148385235985483
1.4301075268817205 1.1323617776424686
1.4623655913978495 1.0939054776192347
1.4435483870967745 1.0586538692646035
1.3682795698924735 1.0426304109215894
1.293010752688172 1.0634609067675078
1.2661290322580645 1.095507823453536
1.3198924731182795 1.1227477026366601
1.405913978494624 1.1355664693110714
1.448924731182796 1.1355664693110714
1.446236559139785 1.1099289359622488
1.4086021505376345 1.0778820192762204
1.360215053763441 1.0650632526018091
1.3091397849462365 1.0842914026134263
1.274193548387097 1.1227477026366601
1.3198924731182795 1.1467828901511814
1.405913978494624 1.1243500484709616
1.435483870967742 1.0650632526018091
1.4112903225806455 1.0169928775727666
1.3655913978494625 1.0041741108983553
1.217741935483871 1.0570515234303022
1.174731182795699 1.117940665133756
1.271505376344086 1.1596016568255927
1.405913978494624 1.153192273488387
1.5 1.1147359734651532
1.5161290322580645 1.0522444859273978
1.4516129032258065 1.0137881859041638
1.3897849462365595 1.0410280650872878
1.3575268817204305 1.1131336276308517
1.3870967741935485 1.1387711609796745
1.521505376344086 1.1403735068139758
1.5860215053763445 1.1147359734651532
1.5833333333333335 1.068267944270412
1.4973118279569895 1.0458351025901922
1.4112903225806455 1.0666655984361106
1.3682795698924735 1.1131336276308517
1.413978494623656 1.148385235985483
1.513440860215054 1.1563969651569899
1.5376344086021505 1.148385235985483
1.5295698924731185 1.1323617776424686
1.3440860215053765 1.1612040026598942
1.370967741935484 1.1612040026598942
1.456989247311828 1.14518054431688
1.5483870967741935 1.0971101692878376
1.56989247311828 1.0522444859273978
1.5161290322580645 1.026606952578575
1.4086021505376345 1.0250046067442737
1.330645161290323 1.0458351025901922
1.303763440860215 1.0890984401163304
1.370967741935484 1.1307594318081673
1.4865591397849465 1.153192273488387
1.513440860215054 1.153192273488387
1.8118279569892475 1.1051218984593445
1.924731182795699 1.1083265901279473
2.0295698924731185 1.117940665133756
2.4784946236559144 0.8423371816339122
2.255376344086022 0.9464896608635043
2.1720430107526885 1.037823373418685
2.112903225806452 1.1724204235000042
2.2580645161290325 1.0570515234303022
2.470430107526882 1.4191816819824223
2.741935483870968 1.299005744409816
2.81989247311828 1.14518054431688
2.330645161290323 1.5201294695434118
2.481182795698925 1.4960942820288905
2.1263440860215055 1.3150292027528303
2.209677419354839 1.4512285986684508
2.470430107526882 1.4015558778051067
2.631720430107527 1.2301048735348552
2.516129032258065 0.9320685483547915
2.4086021505376345 0.9593084275379156
2.2338709677419355 1.448023906999848
2.481182795698925 1.4576379820056564
2.091397849462366 1.2813799402325006
2.0752688172043015 1.3839300736277913
2.0752688172043015 1.3839300736277913
2.088709677419355 1.4159769903138195
2.166666666666667 1.5185271237091102
2.653225806451613 1.6611359029619364
3.0000000000000004 1.601849107092784
3.147849462365592 1.494491936194589
3.129032258064516 1.3166315485871316
2.9650537634408605 1.1868415360087168
2.0940860215053765 1.5281411987149187
2.330645161290323 1.728434428002596
2.67741935483871 1.7124109696595817
2.9650537634408605 1.4992989736974933
3.053763440860215 1.1676133859970999
2.916666666666667 0.9561037358693127
2.274193548387097 1.6611359029619364
2.577956989247312 1.7043992404880746
3.005376344086022 1.5009013195317946
3.14247311827957 1.2429236402092665
2.9677419354838714 0.9785365775495327
2.7069892473118284 0.9016239775030646
2.4005376344086025 1.0410280650872878
2.0967741935483875 1.6002467612584825
2.1478494623655915 1.7412531946770073
2.733870967741936 1.3727136527876813
2.8360215053763445 1.1243500484709616
2.623655913978495 0.9753318858809299
2.2715053763440864 1.0201975692413694
1.948924731182796 1.2044673401860324
1.9865591397849465 1.4352051403254364
2.352150537634409 1.5073107028690003
2.6908602150537635 1.4576379820056564
2.9193548387096775 1.2477306777121708
2.9650537634408605 1.0554491775960007
2.89247311827957 0.9400802775262986
2.599462365591398 1.5121177403719046
2.1908602150537635 1.5569834237323443
2.4543010752688175 1.648317136287525
2.8978494623655915 1.5121177403719046
3.120967741935484 1.2861869777354047
3.067204301075269 1.0201975692413694
2.817204301075269 0.9192497816803802
2.067204301075269 1.4976966278631918
2.287634408602151 1.6771593613049505
2.6263440860215055 1.6290889862759081
2.8682795698924735 1.452830944502752
2.8575268817204305 1.206069686020334
2.099462365591398 1.3054151277470218
2.0537634408602155 1.4816731695201777
2.610215053763441 1.521731815377713
2.8252688172043015 1.2557424068836778
1.862903225806452 1.3358596985987488
1.89247311827957 1.5441646570579328
2.655913978494624 1.5345505820521244
2.8252688172043015 1.3150292027528303
2.0403225806451615 1.1083265901279473
1.852150537634409 1.3695089611190785
1.9731182795698925 1.6387030612817166
2.7715053763440864 0.9753318858809299
2.470430107526882 1.2781752485638977
2.448924731182796 1.1115312817965504
2.3118279569892475 1.3310526610958444
2.3467741935483875 1.3999535319708054
2.2500000000000004 1.2044673401860324
2.4408602150537635 1.268561173558089
2.6397849462365595 1.1547946193226886
2.8333333333333335 1.060256215098905
2.6827956989247315 1.0890984401163304
2.938172043010753 1.3582925402789685
2.752688172043011 1.6082584904299897
2.5403225806451615 1.3438714277702557
2.287634408602151 1.1820344985058127
2.448924731182796 1.2156837610261424
2.56989247311828 1.0858937484477276
2.631720430107527 1.3919418027992982
