1.8870967741935485 0.9945600358925468
2.045698924731183 1.060256215098905
2.370967741935484 1.076279673441919
2.7069892473118284 1.049039794258795
2.8763440860215055 0.9593084275379156
2.8118279569892475 0.7910621149362669
2.4435483870967745 0.7093424773868944
1.9973118279569895 0.7526058149130328
1.6908602150537635 0.8679747149827348
1.685483870967742 0.9096357066745717
2.059139784946237 0.864770023314132
2.559139784946237 0.9080333608402702
2.112903225806452 0.968922502543724
2.435483870967742 0.7910621149362669
2.3360215053763445 0.8743840983199405
2.198924731182796 0.7109448232211959
2.3790322580645165 0.9785365775495327
2.817204301075269 0.8823958274914476
2.623655913978495 0.7574128524159371
1.946236559139785 0.8727817524856392
3.602150537634409 0.980138923383834
3.760752688172043 1.0714726359390148
4.28494623655914 1.079484365110522
4.634408602150538 0.8615653316455292
4.38978494623656 0.6404416065119336
3.844086021505377 0.5843595023113839
3.567204301075269 0.7734363107589513
3.758064516129033 0.8791911358228448
4.110215053763441 0.9881506525553412
4.38978494623656 0.7974714982734725
4.051075268817205 0.6965237107124831
3.723118279569893 0.6772955607008662
4.118279569892474 0.853553602474022
3.852150537634409 0.9480920066978058
3.946236559139785 1.087496094282029
4.416666666666667 0.9368755858576958
3.763440860215054 0.7862550774333625
4.543010752688173 0.6772955607008662
