2.1182795698924735 1.0474374484244935
2.1182795698924735 1.0554491775960007
2.1263440860215055 1.0778820192762204
2.131720430107527 1.0858937484477276
2.1370967741935485 1.0890984401163304
2.1397849462365595 1.0939054776192347
2.1612903225806455 1.1243500484709616
2.1693548387096775 1.1467828901511814
2.1827956989247315 1.1724204235000042
2.188172043010753 1.1804321526715111
2.188172043010753 1.183636844340114
2.188172043010753 1.1852391901744155
2.2016129032258065 1.1932509193459226
2.217741935483871 1.2092743776889368
2.2231182795698925 1.2140814151918409
2.2258064516129035 1.2140814151918409
2.2473118279569895 1.2188884526947452
2.3118279569892475 1.2477306777121708
2.362903225806452 1.274970556895295
2.405913978494624 1.2958010527412132
2.4327956989247315 1.3038127819127203
2.483870967741936 1.3246432777586388
2.526881720430108 1.3422690819359544
2.556451612903226 1.3502808111074613
2.577956989247312 1.3518831569417629
2.6263440860215055 1.3550878486103657
2.685483870967742 1.3630995777818729
2.741935483870968 1.3711113069533798
2.7688172043010755 1.3727136527876813
2.7822580645161294 1.3727136527876813
2.841397849462366 1.3759183444562841
2.905913978494624 1.3759183444562841
2.96236559139785 1.3759183444562841
2.9758064516129035 1.3743159986219826
3.0080645161290325 1.3727136527876813
3.051075268817205 1.3663042694504757
3.129032258064516 1.3566901944446672
3.169354838709678 1.3534855027760642
3.190860215053764 1.34867846527316
3.215053763440861 1.3406667361016529
3.236559139784947 1.32624562359294
3.279569892473119 1.302210436078419
3.309139784946237 1.2877893235697062
3.349462365591398 1.263754136055185
3.384408602150538 1.2445259860435678
3.395161290322581 1.233309565203458
3.405913978494624 1.2252978360319509
3.405913978494624 1.2204907985290467
3.422043010752689 1.202864994351731
3.443548387096775 1.1740227693343055
3.473118279569893 1.1387711609796745
3.486559139784947 1.1227477026366601
3.491935483870968 1.117940665133756
3.491935483870968 1.1163383192994545
3.491935483870968 1.1131336276308517
3.491935483870968 1.1099289359622488
3.494623655913979 1.1083265901279473
3.5 1.0971101692878376
3.5 1.090700785950632
3.508064516129033 1.0826890567791247
3.513440860215054 1.0714726359390148
3.521505376344086 1.0618585609332063
3.524193548387097 1.0522444859273978
3.529569892473119 1.0458351025901922
3.529569892473119 1.0442327567558907
3.529569892473119 1.0410280650872878
2.131720430107527 1.0506421400930963
2.1370967741935485 1.060256215098905
2.145161290322581 1.0826890567791247
2.145161290322581 1.0890984401163304
2.1612903225806455 1.1163383192994545
2.188172043010753 1.1596016568255927
2.2231182795698925 1.2236954901976496
2.231182795698925 1.2429236402092665
2.231182795698925 1.2445259860435678
2.2338709677419355 1.2445259860435678
2.239247311827957 1.2477306777121708
2.244623655913979 1.2477306777121708
2.295698924731183 1.2733682110609934
2.360215053763441 1.3070174735813231
2.3763440860215055 1.3134268569185288
2.381720430107527 1.3134268569185288
2.384408602150538 1.3134268569185288
2.395161290322581 1.3134268569185288
2.4112903225806455 1.3134268569185288
2.4758064516129035 1.3294503152615431
2.5537634408602155 1.3550878486103657
2.5752688172043015 1.35989488611327
2.599462365591398 1.35989488611327
2.663978494623656 1.3647019236161742
2.71236559139785 1.367906615284777
2.733870967741936 1.3711113069533798
2.763440860215054 1.3727136527876813
2.8118279569892475 1.3775206902905854
2.870967741935484 1.3839300736277913
2.9193548387096775 1.3839300736277913
2.96236559139785 1.3839300736277913
3.005376344086022 1.3839300736277913
3.048387096774194 1.3839300736277913
3.083333333333334 1.3823277277934898
3.10483870967742 1.379123036124887
3.112903225806452 1.379123036124887
3.115591397849463 1.379123036124887
3.137096774193549 1.3727136527876813
3.223118279569893 1.3406667361016529
3.28494623655914 1.3134268569185288
3.31989247311828 1.2925963610726103
3.330645161290323 1.2877893235697062
3.336021505376344 1.2829822860668019
3.336021505376344 1.2765729027295962
3.35752688172043 1.263754136055185
3.384408602150538 1.2317072193691565
3.42741935483871 1.1980579568488268
3.459677419354839 1.1692157318314014
3.473118279569893 1.1563969651569899
3.473118279569893 1.148385235985483
3.473118279569893 1.1467828901511814
3.473118279569893 1.1435781984825786
3.473118279569893 1.1419758526482773
3.473118279569893 1.1387711609796745
3.481182795698925 1.1339641234767701
3.486559139784947 1.125952394305263
3.491935483870968 1.117940665133756
3.5 1.1131336276308517
3.502688172043011 1.1051218984593445
3.508064516129033 1.0971101692878376
3.513440860215054 1.0923031317849332
3.516129032258065 1.090700785950632
3.524193548387097 1.087496094282029
3.524193548387097 1.0890984401163304
3.516129032258065 1.1147359734651532
3.510752688172043 1.1211453568023588
3.505376344086022 1.137168815145373
3.502688172043011 1.1467828901511814
3.502688172043011 1.1499875818197842
3.473118279569893 1.210876723523238
3.46236559139785 1.222093144363348
3.46236559139785 1.2269001818662524
3.46236559139785 1.2301048735348552
3.46236559139785 1.2349119110377593
3.459677419354839 1.2349119110377593
3.451612903225807 1.2365142568720608
3.424731182795699 1.2493330235464721
3.381720430107527 1.274970556895295
3.330645161290323 1.3246432777586388
3.311827956989248 1.3470761194388585
3.311827956989248 1.3502808111074613
3.311827956989248 1.3518831569417629
3.303763440860215 1.3518831569417629
3.301075268817205 1.3518831569417629
3.274193548387097 1.35989488611327
3.236559139784947 1.3775206902905854
3.215053763440861 1.3855324194620926
3.201612903225807 1.3935441486335998
3.188172043010753 1.3967488403022026
3.172043010752689 1.3967488403022026
3.139784946236559 1.3983511861365039
3.10752688172043 1.3983511861365039
3.072580645161291 1.4031582236394082
3.064516129032258 1.4031582236394082
3.053763440860215 1.4031582236394082
3.037634408602151 1.4031582236394082
2.9892473118279574 1.406362915308011
2.916666666666667 1.406362915308011
2.8790322580645165 1.406362915308011
2.8655913978494625 1.406362915308011
2.830645161290323 1.4047605694737095
2.752688172043011 1.4047605694737095
2.6586021505376345 1.3999535319708054
2.623655913978495 1.3983511861365039
2.602150537634409 1.395146494467901
2.556451612903226 1.3855324194620926
2.505376344086022 1.3775206902905854
2.448924731182796 1.3695089611190785
2.4301075268817205 1.3663042694504757
2.42741935483871 1.3614972319475713
2.3978494623655915 1.3406667361016529
2.3575268817204305 1.3134268569185288
2.3225806451612905 1.2829822860668019
2.3010752688172045 1.2717658652266919
2.298387096774194 1.263754136055185
2.2930107526881724 1.2621517902208834
2.263440860215054 1.2381166027063621
2.2123655913978495 1.202864994351731
2.1505376344086025 1.164408694328497
2.134408602150538 1.148385235985483
2.1290322580645165 1.148385235985483
2.091397849462366 1.1227477026366601
2.0645161290322585 1.1051218984593445
2.056451612903226 1.1035195526250432
2.056451612903226 1.0971101692878376
2.059139784946237 1.0971101692878376
2.1586021505376345 1.0826890567791247
2.166666666666667 1.0939054776192347
2.188172043010753 1.1403735068139758
2.2473118279569895 1.1884438818430183
2.274193548387097 1.2012626485174296
2.287634408602151 1.2012626485174296
2.2903225806451615 1.2012626485174296
2.295698924731183 1.2012626485174296
2.298387096774194 1.2012626485174296
2.298387096774194 1.2044673401860324
2.3037634408602155 1.2044673401860324
2.3333333333333335 1.2236954901976496
2.3763440860215055 1.2557424068836778
2.384408602150538 1.2653564818894862
2.3897849462365595 1.268561173558089
2.395161290322581 1.2669588277237878
2.416666666666667 1.2701635193923906
2.448924731182796 1.2941987069069119
2.5537634408602155 1.3342573527644472
2.631720430107527 1.3582925402789685
2.663978494623656 1.3647019236161742
2.674731182795699 1.3647019236161742
2.6827956989247315 1.3647019236161742
2.7043010752688175 1.3614972319475713
2.7500000000000004 1.35989488611327
2.8467741935483875 1.3566901944446672
2.905913978494624 1.3582925402789685
2.9193548387096775 1.3582925402789685
2.9327956989247315 1.3582925402789685
2.970430107526882 1.3566901944446672
3.03494623655914 1.3518831569417629
3.091397849462366 1.34867846527316
3.126344086021506 1.3470761194388585
3.163978494623656 1.3390643902673516
3.190860215053764 1.3310526610958444
3.21236559139785 1.3230409319243372
3.220430107526882 1.3182338944214331
3.223118279569893 1.3134268569185288
3.263440860215054 1.2974033985755147
3.309139784946237 1.274970556895295
3.341397849462366 1.2573447527179793
3.379032258064516 1.2317072193691565
3.400537634408603 1.2076720318546352
3.42741935483871 1.1820344985058127
3.435483870967742 1.1724204235000042
3.435483870967742 1.1676133859970999
3.438172043010753 1.1596016568255927
3.443548387096775 1.1307594318081673
3.448924731182796 1.1163383192994545
3.448924731182796 1.1099289359622488
3.448924731182796 1.1051218984593445
3.448924731182796 1.1035195526250432
3.448924731182796 1.1003148609564404
3.448924731182796 1.0923031317849332
3.451612903225807 1.0714726359390148
3.451612903225807 1.0442327567558907
3.451612903225807 1.0362210275843837
3.451612903225807 1.0282092984128766
3.451612903225807 1.026606952578575
3.451612903225807 1.0234022609099722
3.451612903225807 1.0201975692413694
2.948924731182796 0.8359277982967066
2.9650537634408605 0.8279160691251994
2.9784946236559144 0.8231090316222951
3.115591397849463 0.7846527315990612
3.158602150537635 0.7670269274217456
3.17741935483871 0.7622198899188413
3.193548387096775 0.7590151982502384
3.279569892473119 0.7542081607473343
3.370967741935484 0.7461964315758272
3.413978494623656 0.73818470240432
3.42741935483871 0.73818470240432
3.430107526881721 0.73818470240432
3.435483870967742 0.73818470240432
3.5 0.7477987774101285
3.577956989247312 0.7558105065816356
3.650537634408603 0.7654245815874441
3.672043010752689 0.7734363107589513
3.674731182795699 0.7734363107589513
3.680107526881721 0.7750386565932526
3.715053763440861 0.7910621149362669
3.774193548387097 0.8086879191135825
3.844086021505377 0.8263137232908979
3.88978494623656 0.8327231066281036
3.895161290322581 0.8343254524624051
3.911290322580646 0.8423371816339122
3.954301075268818 0.8679747149827348
3.986559139784947 0.8856005191600504
3.994623655913979 0.8936122483315576
3.99731182795699 0.8968169400001604
4.018817204301076 0.9096357066745717
4.080645161290323 0.9448873150292028
4.118279569892474 0.9673201567094227
4.126344086021506 0.9737295400466284
4.145161290322581 0.9881506525553412
4.153225806451613 1.0009694192297525
4.158602150537635 1.026606952578575
4.161290322580646 1.060256215098905
4.166666666666667 1.0730749817733163
4.166666666666667 1.0778820192762204
4.166666666666667 1.1019172067907417
4.166666666666667 1.1147359734651532
4.166666666666667 1.1195430109680573
4.166666666666667 1.1211453568023588
4.166666666666667 1.1275547401395645
4.155913978494624 1.1596016568255927
4.14247311827957 1.1964556110145255
4.134408602150538 1.222093144363348
4.134408602150538 1.2269001818662524
4.126344086021506 1.2397189485406637
4.107526881720431 1.268561173558089
4.10483870967742 1.2813799402325006
4.10483870967742 1.2829822860668019
4.110215053763441 1.2829822860668019
4.115591397849463 1.2829822860668019
4.112903225806452 1.2829822860668019
2.817204301075269 0.9753318858809299
2.8252688172043015 0.9673201567094227
2.849462365591398 0.9368755858576958
2.8763440860215055 0.9048286691716674
2.8897849462365595 0.8920099024972561
2.89247311827957 0.8904075566629548
2.8978494623655915 0.8872028649943517
2.9220430107526885 0.8695770608170363
2.948924731182796 0.853553602474022
2.9650537634408605 0.8343254524624051
2.9784946236559144 0.8279160691251994
3.0188172043010755 0.8134949566164866
3.061827956989248 0.7926644607705682
3.091397849462366 0.7878574232676641
3.099462365591398 0.7846527315990612
3.126344086021506 0.7766410024275541
3.155913978494624 0.7638222357531428
3.201612903225807 0.7510034690787313
3.220430107526882 0.7413893940729228
3.223118279569893 0.7413893940729228
3.228494623655914 0.7413893940729228
3.225806451612904 0.7413893940729228
3.225806451612904 0.7445940857415256
3.193548387096775 0.7702316190903484
3.161290322580645 0.7862550774333625
3.139784946236559 0.795869152439171
3.129032258064516 0.8038808816106782
3.102150537634409 0.8118926107821853
3.053763440860215 0.8295184149595007
3.002688172043011 0.8503489108054192
2.973118279569893 0.8599629858112277
2.951612903225807 0.8711794066513376
2.9354838709677424 0.8807934816571461
2.9220430107526885 0.8904075566629548
2.913978494623656 0.8968169400001604
2.913978494623656 0.8984192858344617
2.9086021505376345 0.9032263233373661
2.8870967741935485 0.9192497816803802
2.870967741935484 0.9352732400233943
2.860215053763441 0.9400802775262986
2.849462365591398 0.9448873150292028
2.8440860215053765 0.9480920066978058
2.838709677419355 0.9545013900350114
2.809139784946237 0.9753318858809299
2.78494623655914 0.9961623817268481
2.7715053763440864 1.0057764567326568
2.766129032258065 1.0089811484012596
2.763440860215054 1.0137881859041638
2.7500000000000004 1.0394257192529865
2.741935483870968 1.068267944270412
2.731182795698925 1.0730749817733163
2.731182795698925 1.076279673441919
2.731182795698925 1.0778820192762204
2.731182795698925 1.0826890567791247
2.731182795698925 1.0858937484477276
2.7392473118279574 1.0890984401163304
2.7392473118279574 1.090700785950632
2.741935483870968 1.0939054776192347
2.7473118279569895 1.095507823453536
2.7500000000000004 1.095507823453536
2.7500000000000004 1.0987125151221389
2.755376344086022 1.0987125151221389
2.7607526881720434 1.1019172067907417
2.7607526881720434 1.1035195526250432
2.7607526881720434 1.1083265901279473
2.7580645161290325 1.1083265901279473
2.752688172043011 1.1163383192994545
2.7284946236559144 1.1499875818197842
2.720430107526882 1.1660110401627986
2.720430107526882 1.1676133859970999
2.720430107526882 1.1708180776657027
2.720430107526882 1.1724204235000042
2.7258064516129035 1.1676133859970999
2.7284946236559144 1.1547946193226886
2.7392473118279574 1.1419758526482773
2.741935483870968 1.1291570859738658
2.7473118279569895 1.117940665133756
2.755376344086022 1.1035195526250432
2.763440860215054 1.090700785950632
2.7715053763440864 1.0778820192762204
2.7930107526881724 1.0522444859273978
2.8252688172043015 1.002571765064054
2.849462365591398 0.9673201567094227
2.8897849462365595 0.9176474358460789
2.9193548387096775 0.8920099024972561
2.948924731182796 0.8663723691484335
2.9758064516129035 0.8439395274682135
2.9973118279569895 0.8279160691251994
3.005376344086022 0.8263137232908979
3.0215053763440864 0.818301994119391
3.061827956989248 0.8086879191135825
3.112903225806452 0.7926644607705682
3.155913978494624 0.7830503857647597
3.201612903225807 0.7750386565932526
3.258064516129033 0.7670269274217456
3.298387096774194 0.7670269274217456
3.301075268817205 0.7670269274217456
3.309139784946237 0.7670269274217456
3.344086021505377 0.7670269274217456
3.384408602150538 0.7670269274217456
3.438172043010753 0.7670269274217456
3.459677419354839 0.7670269274217456
3.491935483870968 0.7702316190903484
3.564516129032258 0.7702316190903484
3.629032258064517 0.7750386565932526
3.674731182795699 0.7814480399304584
3.739247311827957 0.7878574232676641
3.779569892473119 0.7910621149362669
3.803763440860215 0.7990738441077738
3.814516129032258 0.8006761899420753
3.822580645161291 0.807085573279281
3.825268817204301 0.8118926107821853
3.844086021505377 0.8295184149595007
3.930107526881721 0.8984192858344617
3.986559139784947 0.9288638566861886
4.002688172043011 0.9352732400233943
4.008064516129033 0.9368755858576958
4.008064516129033 0.9400802775262986
4.008064516129033 0.9416826233605999
4.010752688172043 0.9673201567094227
4.037634408602151 1.0442327567558907
4.061827956989248 1.1019172067907417
4.067204301075269 1.1147359734651532
4.072580645161291 1.1163383192994545
4.072580645161291 1.1243500484709616
4.080645161290323 1.1628063484941955
4.096774193548388 1.2269001818662524
4.10483870967742 1.2477306777121708
4.10483870967742 1.2493330235464721
4.110215053763441 1.2557424068836778
4.137096774193549 1.2861869777354047
4.145161290322581 1.3070174735813231
4.147849462365592 1.3086198194156247
4.147849462365592 1.3246432777586388
4.147849462365592 1.3294503152615431
4.147849462365592 1.332655006930146
4.147849462365592 1.3342573527644472
4.147849462365592 1.3310526610958444
4.147849462365592 1.3230409319243372
4.166666666666667 1.3054151277470218
4.174731182795699 1.2958010527412132
4.180107526881721 1.274970556895295
4.21236559139785 1.233309565203458
4.239247311827957 1.1820344985058127
4.255376344086022 1.1547946193226886
4.255376344086022 1.1467828901511814
4.255376344086022 1.1435781984825786
4.255376344086022 1.1419758526482773
4.255376344086022 1.1291570859738658
4.260752688172043 1.090700785950632
4.258064516129033 1.0362210275843837
4.236559139784947 0.9849459608867384
4.228494623655914 0.968922502543724
4.228494623655914 0.9673201567094227
4.225806451612904 0.9641154650408199
4.206989247311828 0.9432849691949015
4.182795698924732 0.9080333608402702
4.161290322580646 0.8791911358228448
4.150537634408603 0.8727817524856392
4.147849462365592 0.8695770608170363
4.13978494623656 0.8711794066513376
4.129032258064517 0.8727817524856392
4.086021505376345 0.8695770608170363
4.061827956989248 0.8663723691484335
4.048387096774194 0.8663723691484335
4.040322580645162 0.8679747149827348
4.032258064516129 0.8679747149827348
4.021505376344086 0.8679747149827348
3.96236559139785 0.8439395274682135
3.92741935483871 0.8279160691251994
3.913978494623656 0.8150973024507882
3.911290322580646 0.8150973024507882
3.911290322580646 0.8134949566164866
3.911290322580646 0.8102902649478838
3.876344086021506 0.7926644607705682
3.827956989247312 0.7670269274217456
3.811827956989248 0.7590151982502384
3.803763440860215 0.7542081607473343
3.798387096774194 0.7542081607473343
3.795698924731183 0.7542081607473343
3.78494623655914 0.7558105065816356
3.752688172043011 0.7542081607473343
3.674731182795699 0.7253659357299087
3.591397849462366 0.6981260565467846
3.553763440860215 0.6869096357066746
3.537634408602151 0.6821025982037703
3.516129032258065 0.6821025982037703
3.430107526881721 0.680500252369469
3.373655913978495 0.680500252369469
3.330645161290323 0.6837049440380718
3.322580645161291 0.6837049440380718
3.303763440860215 0.6853072898723733
3.217741935483871 0.6965237107124831
3.172043010752689 0.7093424773868944
3.139784946236559 0.7189565523927031
3.139784946236559 0.7221612440613059
3.14247311827957 0.7221612440613059
3.150537634408602 0.7221612440613059
3.201612903225807 0.7269682815642102
3.276881720430108 0.730172973232813
3.362903225806452 0.7349800107357172
3.430107526881721 0.7397870482386215
3.5 0.74940112324443
3.60752688172043 0.76061754408454
3.701612903225807 0.7702316190903484
3.771505376344086 0.7750386565932526
3.822580645161291 0.7830503857647597
3.88978494623656 0.8038808816106782
3.965053763440861 0.8263137232908979
3.994623655913979 0.8375301441310079
4.002688172043011 0.8423371816339122
4.059139784946237 0.8856005191600504
4.088709677419355 0.9064310150059689
4.094086021505377 0.9096357066745717
4.102150537634409 0.922454473348983
4.147849462365592 0.9881506525553412
4.169354838709678 1.0137881859041638
4.174731182795699 1.0250046067442737
4.172043010752689 1.0314139900814794
4.169354838709678 1.0474374484244935
4.150537634408603 1.1019172067907417
4.14247311827957 1.1708180776657027
4.14247311827957 1.1964556110145255
4.14247311827957 1.1980579568488268
4.14247311827957 1.2012626485174296
4.14247311827957 1.2172861068604437
4.14247311827957 1.2445259860435678
4.14247311827957 1.2573447527179793
4.14247311827957 1.2605494443865821
4.14247311827957 1.2653564818894862
4.14247311827957 1.2621517902208834
4.14247311827957 1.2589470985522806
4.14247311827957 1.2541400610493765
4.14247311827957 1.2285025277005537
4.134408602150538 1.1804321526715111
4.107526881720431 1.1211453568023588
4.091397849462366 1.0618585609332063
4.083333333333334 1.0153905317384653
4.064516129032258 0.9721271942123269
4.043010752688172 0.9432849691949015
4.0 0.9160450900117774
3.913978494623656 0.864770023314132
3.841397849462366 0.8263137232908979
3.811827956989248 0.8102902649478838
3.803763440860215 0.8054832274449795
3.798387096774194 0.8054832274449795
3.717741935483871 0.7830503857647597
3.655913978494624 0.7590151982502384
3.634408602150538 0.7510034690787313
3.631720430107527 0.74940112324443
3.626344086021506 0.74940112324443
3.612903225806452 0.7461964315758272
3.561827956989248 0.7285706273985115
3.524193548387097 0.7125471690554974
3.489247311827957 0.7029330940496887
3.419354838709678 0.6772955607008662
3.368279569892473 0.6564650648549477
3.352150537634409 0.6548627190206462
3.330645161290323 0.6548627190206462
3.24731182795699 0.6548627190206462
3.158602150537635 0.6596697565235505
3.115591397849463 0.6596697565235505
3.102150537634409 0.6628744481921534
3.088709677419355 0.6676814856950577
3.0080645161290325 0.6965237107124831
2.9569892473118284 0.7141495148897987
2.938172043010753 0.7189565523927031
2.938172043010753 0.7221612440613059
2.924731182795699 0.7349800107357172
2.895161290322581 0.7702316190903484
2.8870967741935485 0.7830503857647597
2.881720430107527 0.7862550774333625
2.881720430107527 0.7878574232676641
2.881720430107527 0.7910621149362669
2.870967741935484 0.8118926107821853
2.860215053763441 0.8247113774565966
2.852150537634409 0.8263137232908979
2.838709677419355 0.8375301441310079
2.8010752688172045 0.8727817524856392
2.7580645161290325 0.9144427441774758
2.744623655913979 0.9240568191832845
2.741935483870968 0.9288638566861886
2.7284946236559144 0.9368755858576958
2.698924731182796 0.991355344223944
2.666666666666667 1.0506421400930963
2.663978494623656 1.0698702901047135
2.663978494623656 1.0730749817733163
2.663978494623656 1.076279673441919
2.663978494623656 1.0778820192762204
2.663978494623656 1.0890984401163304
2.663978494623656 1.095507823453536
2.663978494623656 1.0987125151221389
2.6693548387096775 1.0971101692878376
2.685483870967742 1.0923031317849332
2.71236559139785 1.0714726359390148
2.7392473118279574 1.049039794258795
2.7688172043010755 1.007378802566958
2.8118279569892475 0.9561037358693127
2.8467741935483875 0.8984192858344617
2.870967741935484 0.8615653316455292
2.905913978494624 0.8150973024507882
2.9354838709677424 0.7766410024275541
2.96236559139785 0.7461964315758272
2.9784946236559144 0.7205588982270044
2.983870967741936 0.7125471690554974
2.991935483870968 0.7125471690554974
3.0188172043010755 0.7077401315525931
3.072580645161291 0.6901143273752774
3.134408602150538 0.6740908690322633
3.155913978494624 0.669283831529359
3.158602150537635 0.669283831529359
3.172043010752689 0.669283831529359
3.21236559139785 0.6644767940264549
3.255376344086022 0.661272102357852
3.276881720430108 0.6628744481921534
3.287634408602151 0.6628744481921534
3.287634408602151 0.6676814856950577
3.279569892473119 0.6724885231979618
3.239247311827957 0.6885119815409761
3.196236559139785 0.7045354398839903
3.172043010752689 0.7109448232211959
3.137096774193549 0.7221612440613059
3.096774193548387 0.730172973232813
3.024193548387097 0.74940112324443
2.9784946236559144 0.7734363107589513
2.9677419354838714 0.7750386565932526
2.970430107526882 0.7782433482618554
3.0215053763440864 0.7782433482618554
3.180107526881721 0.7766410024275541
3.370967741935484 0.7622198899188413
3.551075268817205 0.74940112324443
3.650537634408603 0.73818470240432
3.728494623655914 0.7365823565700187
3.838709677419355 0.7397870482386215
3.930107526881721 0.7526058149130328
4.016129032258065 0.7734363107589513
4.061827956989248 0.7910621149362669
4.123655913978495 0.8199043399536923
4.147849462365592 0.8375301441310079
4.169354838709678 0.8599629858112277
4.21236559139785 0.9416826233605999
4.255376344086022 0.9961623817268481
4.268817204301076 1.0121858400698625
4.274193548387097 1.0137881859041638
4.276881720430108 1.0394257192529865
4.298387096774194 1.0778820192762204
4.311827956989248 1.0987125151221389
4.311827956989248 1.1083265901279473
4.311827956989248 1.1115312817965504
4.306451612903226 1.1147359734651532
4.263440860215054 1.137168815145373
4.233870967741936 1.1596016568255927
4.215053763440861 1.1724204235000042
4.204301075268818 1.1788298068372098
4.204301075268818 1.1804321526715111
4.029569892473119 0.8311207607938023
4.018817204301076 0.8279160691251994
3.967741935483871 0.8134949566164866
3.924731182795699 0.7894597691019654
3.89247311827957 0.7718339649246497
3.88978494623656 0.7670269274217456
3.884408602150538 0.7638222357531428
3.884408602150538 0.7622198899188413
3.887096774193549 0.7622198899188413
3.88978494623656 0.7654245815874441
3.895161290322581 0.7686292732560469
3.908602150537635 0.7734363107589513
3.916666666666667 0.7750386565932526
3.938172043010753 0.7862550774333625
3.99731182795699 0.795869152439171
4.032258064516129 0.8038808816106782
4.045698924731183 0.8038808816106782
4.051075268817205 0.8038808816106782
