1.0268817204301077 1.164408694328497
1.0268817204301077 1.2124790693575396
1.14247311827957 1.2813799402325006
1.6370967741935485 1.2076720318546352
1.9220430107526885 1.010583494235561
1.81989247311828 0.7526058149130328
1.524193548387097 0.6580674106892492
1.228494623655914 0.6676814856950577
0.9112903225806452 0.7974714982734725
0.7822580645161292 0.9272615108518873
0.8010752688172045 1.0474374484244935
1.067204301075269 1.0987125151221389
1.478494623655914 1.0858937484477276
1.6827956989247315 0.9673201567094227
1.709677419354839 0.9256591650175858
1.720430107526882 0.8038808816106782
1.198924731182796 0.7397870482386215
0.9301075268817205 0.8823958274914476
0.8655913978494625 1.0201975692413694
1.0403225806451615 1.087496094282029
1.405913978494624 1.1003148609564404
1.588709677419355 0.9961623817268481
1.620967741935484 0.8503489108054192
1.5 0.7638222357531428
1.2150537634408605 0.7702316190903484
0.9838709677419357 0.8920099024972561
0.903225806451613 1.0426304109215894
1.1182795698924735 1.1724204235000042
1.3118279569892475 1.1820344985058127
1.56989247311828 1.0282092984128766
1.5833333333333335 0.9512966983664086
1.413978494623656 0.8247113774565966
1.274193548387097 0.8247113774565966
1.0618279569892475 0.9000216316687633
1.0268817204301077 1.0426304109215894
1.2123655913978495 1.0634609067675078
1.478494623655914 1.021799915075671
1.524193548387097 0.8711794066513376
1.3118279569892475 0.818301994119391
1.1720430107526885 0.8215066857879938
1.0725806451612905 0.8856005191600504
1.067204301075269 0.9320685483547915
1.5403225806451615 0.8823958274914476
1.6720430107526885 0.8118926107821853
1.206989247311828 1.033016335915781
1.206989247311828 1.0810867109448232
1.459677419354839 1.1035195526250432
1.6182795698924735 1.0137881859041638
1.4758064516129035 0.8839981733257489
1.2231182795698925 0.8711794066513376
1.110215053763441 0.9288638566861886
1.163978494623656 1.0826890567791247
1.413978494623656 1.1211453568023588
1.5860215053763445 1.1099289359622488
1.731182795698925 0.9352732400233943
1.5725806451612905 0.8295184149595007
1.3118279569892475 0.8134949566164866
1.1478494623655915 0.9448873150292028
1.088709677419355 1.0714726359390148
1.1720430107526885 1.210876723523238
1.478494623655914 1.2156837610261424
1.631720430107527 1.1515899276540857
1.6612903225806455 0.9881506525553412
1.4623655913978495 0.7830503857647597
1.274193548387097 0.669283831529359
1.153225806451613 0.7077401315525931
1.096774193548387 0.8375301441310079
1.1048387096774195 1.0169928775727666
1.3978494623655915 1.0666655984361106
1.5618279569892475 1.0009694192297525
1.6155913978494625 0.8711794066513376
1.5 0.7686292732560469
1.370967741935484 0.7702316190903484
1.282258064516129 0.8856005191600504
1.239247311827957 0.9753318858809299
1.2338709677419355 1.021799915075671
1.4301075268817205 0.9737295400466284
1.612903225806452 0.8086879191135825
1.5295698924731185 0.7622198899188413
1.338709677419355 0.7638222357531428
1.2553763440860215 0.8743840983199405
1.405913978494624 0.991355344223944
1.623655913978495 0.968922502543724
1.809139784946237 0.8166996482850895
1.6720430107526885 0.7590151982502384
1.510752688172043 0.7750386565932526
1.510752688172043 0.7766410024275541
1.196236559139785 1.1964556110145255
1.2795698924731185 1.2172861068604437
1.4435483870967745 1.2012626485174296
1.645161290322581 1.1019172067907417
1.741935483870968 0.9577060817036143
1.567204301075269 0.8551559483083235
1.2795698924731185 0.7750386565932526
1.099462365591398 0.7942668066048697
1.0376344086021505 1.0474374484244935
1.110215053763441 1.1467828901511814
1.338709677419355 1.1964556110145255
1.5860215053763445 1.175625115168607
1.6908602150537635 1.0089811484012596
1.5940860215053765 0.8872028649943517
1.405913978494624 0.7429917399072243
1.2580645161290325 0.7045354398839903
1.1478494623655915 0.8166996482850895
1.1397849462365595 1.0410280650872878
1.3655913978494625 1.1227477026366601
1.64247311827957 1.1195430109680573
1.7930107526881724 1.033016335915781
1.7553763440860215 0.9416826233605999
1.567204301075269 0.8615653316455292
1.2580645161290325 0.8503489108054192
1.1290322580645165 0.9721271942123269
1.120967741935484 1.076279673441919
1.314516129032258 1.1403735068139758
1.685483870967742 1.1003148609564404
1.884408602150538 0.9609107733722171
1.7661290322580645 0.8455418733025151
1.489247311827957 0.7510034690787313
1.2983870967741935 0.7558105065816356
1.2258064516129035 0.9849459608867384
1.282258064516129 1.0522444859273978
1.521505376344086 1.0442327567558907
1.7338709677419355 0.9528990442007099
1.717741935483871 0.8375301441310079
1.599462365591398 0.8503489108054192
1.373655913978495 0.9320685483547915
1.295698924731183 0.9545013900350114
1.3655913978494625 0.9448873150292028
1.3897849462365595 0.8823958274914476
1.303763440860215 0.8599629858112277
1.274193548387097 0.8968169400001604
1.325268817204301 0.8920099024972561
1.330645161290323 0.8519512566397207
1.2258064516129035 0.8599629858112277
1.198924731182796 0.9561037358693127
1.2043010752688175 1.0778820192762204
1.3225806451612905 1.14518054431688
1.3575268817204305 1.164408694328497
1.360215053763441 1.1788298068372098
1.3360215053763445 1.2156837610261424
1.228494623655914 1.2140814151918409
1.1505376344086025 1.1740227693343055
2.1370967741935485 0.9416826233605999
2.384408602150538 1.0057764567326568
1.970430107526882 0.9000216316687633
2.674731182795699 1.1291570859738658
2.696236559139785 1.1692157318314014
2.8333333333333335 1.2172861068604437
2.9758064516129035 1.2365142568720608
3.118279569892473 1.2397189485406637
3.258064516129033 1.2397189485406637
3.46236559139785 1.2204907985290467
3.556451612903226 1.1980579568488268
3.655913978494624 1.1676133859970999
3.75 1.1275547401395645
3.852150537634409 1.076279673441919
3.943548387096775 0.9993670733954509
3.989247311827957 0.9368755858576958
4.002688172043011 0.8695770608170363
4.002688172043011 0.7990738441077738
3.994623655913979 0.7526058149130328
3.965053763440861 0.6997284023810859
3.908602150537635 0.6420439523462349
3.822580645161291 0.5955759231514939
3.736559139784947 0.5667336981340683
3.618279569892473 0.5362891272823413
3.516129032258065 0.5282773981108344
3.416666666666667 0.5282773981108344
3.293010752688172 0.5491078939567529
3.201612903225807 0.576347773139877
3.131720430107527 0.6083946898259052
3.088709677419355 0.6468509898491392
3.056451612903226 0.6981260565467846
3.026881720430108 0.7670269274217456
3.026881720430108 0.818301994119391
3.03494623655914 0.8743840983199405
3.086021505376344 0.9352732400233943
3.137096774193549 0.9673201567094227
3.129032258064516 0.911238052508873
3.10483870967742 0.8936122483315576
3.064516129032258 0.8583606399769264
3.051075268817205 0.8215066857879938
3.048387096774194 0.76061754408454
3.051075268817205 0.7093424773868944
3.083333333333334 0.6788979065351675
3.123655913978495 0.6564650648549477
3.172043010752689 0.6324298773404264
3.215053763440861 0.6180087648317136
3.266129032258065 0.6132017273288095
3.336021505376344 0.6132017273288095
3.397849462365592 0.6132017273288095
3.451612903225807 0.6132017273288095
3.521505376344086 0.6196111106660152
3.602150537634409 0.6292251856718236
3.658602150537635 0.634032223174728
3.731182795698925 0.6644767940264549
3.776881720430108 0.6965237107124831
3.825268817204301 0.7477987774101285
3.833333333333334 0.7734363107589513
3.833333333333334 0.7942668066048697
3.830645161290323 0.8968169400001604
3.801075268817205 0.9464896608635043
3.774193548387097 0.980138923383834
3.706989247311828 1.0426304109215894
3.64247311827957 1.0714726359390148
3.583333333333334 1.090700785950632
3.465053763440861 1.1163383192994545
3.35752688172043 1.1291570859738658
3.274193548387097 1.1403735068139758
3.172043010752689 1.153192273488387
3.077956989247312 1.1563969651569899
2.9462365591397854 1.1579993109912914
2.8870967741935485 1.1579993109912914
2.81989247311828 1.1515899276540857
2.763440860215054 1.1387711609796745
2.720430107526882 1.1291570859738658
2.7177419354838714 1.125952394305263
2.6908602150537635 1.2269001818662524
2.830645161290323 1.2701635193923906
3.048387096774194 1.2733682110609934
3.169354838709678 1.2733682110609934
3.266129032258065 1.2733682110609934
3.389784946236559 1.2653564818894862
3.553763440860215 1.2397189485406637
3.637096774193549 1.2188884526947452
3.685483870967742 1.194853265180224
3.752688172043011 1.1612040026598942
3.817204301075269 1.1195430109680573
3.935483870967742 1.0458351025901922
3.956989247311828 1.0201975692413694
4.002688172043011 0.9320685483547915
4.018817204301076 0.8743840983199405
4.018817204301076 0.8295184149595007
4.021505376344086 0.7750386565932526
4.021505376344086 0.7029330940496887
4.013440860215054 0.6596697565235505
3.978494623655914 0.6212134565003165
3.935483870967742 0.5923712314828911
3.870967741935484 0.5603243147968626
3.755376344086022 0.5266750522765329
3.663978494623656 0.5202656689393272
3.583333333333334 0.5202656689393272
3.478494623655914 0.5202656689393272
3.416666666666667 0.5202656689393272
3.28494623655914 0.5298797439451357
3.231182795698925 0.5378914731166429
3.204301075268818 0.48661640641899745
3.075268817204301 0.5362891272823413
3.0000000000000004 0.5747454273055754
2.9677419354838714 0.6051899981573023
2.9569892473118284 0.6372369148433308
2.9354838709677424 0.6788979065351675
2.9193548387096775 0.7333776649014159
2.9193548387096775 0.7798456940961569
2.9193548387096775 0.8215066857879938
2.938172043010753 0.8839981733257489
2.9650537634408605 0.9320685483547915
3.013440860215054 0.9705248483780256
3.059139784946237 1.0057764567326568
3.362903225806452 1.095507823453536
3.373655913978495 1.1019172067907417
2.96236559139785 1.1708180776657027
3.263440860215054 1.1900462276773196
3.470430107526882 1.153192273488387
3.731182795698925 1.033016335915781
3.903225806451613 0.8519512566397207
3.873655913978495 0.669283831529359
3.88978494623656 1.0250046067442737
3.75 1.1323617776424686
3.473118279569893 1.194853265180224
3.758064516129033 0.565131352299767
3.435483870967742 0.5571196231282598
3.0080645161290325 1.1804321526715111
3.17741935483871 1.1788298068372098
3.532258064516129 1.1964556110145255
3.693548387096775 1.1051218984593445
3.793010752688172 1.0137881859041638
3.922043010752689 0.7830503857647597
3.862903225806452 0.6532603731863449
3.123655913978495 0.5843595023113839
2.9005376344086025 0.7542081607473343
3.013440860215054 0.968922502543724
3.64247311827957 0.5298797439451357
3.473118279569893 0.5795524648084798
3.78494623655914 0.634032223174728
3.932795698924732 0.9609107733722171
2.524193548387097 1.0458351025901922
