0.17015838852376186 1.256272368910792
0.38829498605561097 0.06423375062947796
-0.6685823659717861 0.16092185977353507
0.4398142792192413 1.9974555773994291
0.12503754444637502 0.715527030763908
0.5333733458431247 0.09631240858178411
0.7644057845680032 0.9817714107481674
1.421566584585852 1.4228094341780166
1.5187843820790548 1.3811456446225627
1.333336562697452 2.3089846054002736
0.22393925931698486 -0.30818555392334945
0.8797010256748656 1.352522628700899
1.124804407936452 0.5837341175143403
0.10368919974965282 -0.435154034918631
0.6744590932764079 0.5682118497307628
1.1179871421522396 2.000651029267342
-0.37352120607552364 0.15242149303341512
0.6627354413046719 -0.07790773845564071
-0.3450836163772027 0.42353331348539136
-0.6483109045596315 -0.1734324625917523
-0.3023923318836484 -0.23537508268893706
-0.4152949414963747 -0.16384671585450644
0.24205657314820284 -0.045913243737154594
0.8396063176093069 1.3515753441720728
0.9323132794272494 -0.472003357596116
1.1485105434722616 1.81891256089445
1.1553040053595833 1.0719225247696804
-0.9215559583504741 -0.7988230715362523
1.0913953753746735 -0.7185439301661656
0.5172965240355543 -0.8340477147439457
0.04146030856185468 -0.2591501665102389
-0.08022806542609451 0.5854319130054171
0.005778734418280491 0.05706790068047051
-0.7190972469374748 -0.5793300266041423
2.519160526897628 0.9764842188738461
-0.46468202791776547 -0.47977289854399346
-0.8247495433932877 -0.4407760137476968
2.076997728139619 0.8780906622172808
0.6161866205494717 1.3007040328611184
1.1924072548898321 -1.1651265441995504
-0.06568300357062784 0.4898560050419389
0.023551101291695166 -0.6486614779953757
0.9181973276466315 -0.468504756328522
0.5413723612336557 1.157439755150484
-0.6568481973441553 0.12369488151690942
0.5604639174332484 -0.1991245795806927
1.915270677743861 1.167916759333343
-0.10885223102319115 0.21701232963506184
2.018753050879182 1.2633630200917076
0.5074210669319822 -0.43641742134746103
0.4251428999180787 0.8693904693670909
0.5489626754816287 0.3613332123849287
0.5453672833224753 0.4731389423666781
0.7560421298420585 1.2997636811937683
0.26296500813748863 -0.015094917268166672
0.20967220990561267 -0.7548019588308125
-0.022976350311538996 1.393436215157827
-0.01881499903736329 -0.156553313378335
1.1477646364982177 0.7023262966424672
-0.25888693465938306 -0.26302807333157546
1.3843257742043777 1.6622503694708826
0.5184594007902654 1.5614271107883324
2.1589038667416443 0.8578369297315325
-0.08900569888351106 0.7705903681721062
0.05396642806479216 -1.0958826210644053
-0.3896445983938638 0.25557062058612495
1.194393724138506 0.9640214792542948
1.011070102502917 0.42075914890725274
1.5013270485531558 0.08507600866103693
1.4113188203590326 1.9530428326567888
-0.5040998228715325 0.25428257478441624
-0.35612455350076505 -1.2784481089179276
0.3061706890952712 1.2775686025482167
0.4546120253915709 0.2441834547521053
0.2343956190187591 -0.2539899024675086
1.0085210373300288 1.2580051058464554
1.8337938002587735 1.2254563590320249
0.629746458832879 1.1953018207403916
0.8937219029969218 1.2601706647733466
0.6483281102227393 1.1686029785631329
0.8516919679251288 0.4188275809764601
0.7841439818448461 -0.9713799196785005
-0.919765129426929 0.43508195531994265
0.23583613099472694 0.08736530928852766
1.0808705511061745 0.15591792282754507
-0.21202956835388695 -0.3811099139868753
0.6662727976091917 -0.2718219819532325
1.0911640237784566 1.555375103085261
0.06661225009228033 1.1531906468336754
1.1265087570878154 1.6127941555106946
0.7270709878347053 -0.24622837750510715
0.06533785523569519 -0.7064182217943652
0.49634991026470754 0.5730187140395485
0.08461551702105874 1.245735074762248
-0.08392541903952977 1.7225348841872035
1.273115512637574 0.8304415576429798
0.3509552338691626 1.4370007732563574
-0.6143290500391223 0.48649759307635143
0.9352706693720119 0.9187093321509462
-0.6957439832058896 0.9715527776518152